0.00984654414317
0.0114876557234
0.0134315491443
0.0126592999487
0.0115841846878
0.0109216458452
0.0125598774488
0.0153932655886
0.0175204444344
0.0168194525733
0.00984654414317
0.0145674342359
0.016582980715
0.0153932655886
0.0175204444344
0.0168194525733
0.00984654414317
0.0145674342359
0.016582980715
0.0153932655886
0.0175204444344
0.0168194525733
0.00984654414317
0.0145674342359
0.016582980715
0.0153932655886
0.0175204444344
0.0168194525733
0.00984654414317
0.0145674342359
0.016582980715
0.0153932655886
0.0175204444344
0.0168194525733
0.00984654414317
0.0145674342359
0.016582980715
0.019246545729
0.021403760908
0.0208866175497
0.0124298335837
0.0181337157581
0.0204735356836
0.019246545729
0.021403760908
0.0208866175497
0.0124298335837
0.0181337157581
0.0204735356836
0.019246545729
0.021403760908
0.0208866175497
0.0124298335837
0.0181337157581
0.0204735356836
0.019246545729
0.021403760908
0.0208866175497
0.0124298335837
0.0181337157581
0.0204735356836
0.0256802611815
0.016252129247
0.0165709836666
0.0742531392642
0.00763902845561
0.00971525981567
0.0122901772571
0.00657360162553
0.0163768031833
0.755273259647
0.00701776639674
0.019740115081
0.368604512027
0.0133294846917
0.0108557038626
0.00507804514662
0.0454262344103
0.0299617719955
0.0248525017751
0.00889123303978
0.00739107621397
0.0
0.0201921585788
0.0154949187979
0.0657818588751
0.0124856559449
0.00634857512702
0.213425943033
0.0131081005744
0.00736952767633
0.0083591215866
19.7448764153
0.0150380885197
0.00645870736616
0.0443655445072
1.18542256777
0.0515026396925
0.0170054498334
0.0238178136414
0.0246046851786
0.023769695602
0.00952198704607
0.00181121624849
0.00544005515703
0.0072197035126
0.0
0.0457877797001
0.0623865565708
0.0340356280849
0.0209252326683
0.0195771782231
0.0307954319187
0.0256802611815
0.016252129247
0.0165709836666
0.0742531392642
0.00763902845561
0.00971525981567
0.0122901772571
0.00657360162553
0.0163768031833
0.755273259647
0.00701776639674
0.019740115081
0.368604512027
0.0133294846917
0.0108557038626
0.00507804514662
0.0454262344103
0.0299617719955
0.0248525017751
0.00889123303978
0.00739107621397
0.0
0.0201921585788
0.0154949187979
0.0657818588751
0.0124856559449
0.00634857512702
0.213425943033
0.0131081005744
0.00736952767633
0.0083591215866
19.7448764153
0.0150380885197
0.00645870736616
0.0443655445072
1.18542256777
0.0515026396925
0.0170054498334
0.0238178136414
0.0246046851786
0.023769695602
0.00952198704607
0.00181121624849
0.00544005515703
0.0072197035126
0.0
0.0457877797001
0.0623865565708
0.0340356280849
0.0209252326683
0.0195771782231
0.0307954319187
0.0256802611815
0.016252129247
0.0165709836666
0.0742531392642
0.00763902845561
0.00971525981567
0.0122901772571
0.00657360162553
0.0163768031833
0.755273259647
0.00701776639674
0.019740115081
0.368604512027
0.0133294846917
0.0108557038626
0.00507804514662
0.0454262344103
0.0299617719955
0.0248525017751
0.00889123303978
0.00739107621397
0.0
0.0201921585788
0.0154949187979
0.0657818588751
0.0124856559449
0.00634857512702
0.213425943033
0.0131081005744
0.00736952767633
0.0083591215866
19.7448764153
0.0150380885197
0.00645870736616
0.0443655445072
1.18542256777
0.0515026396925
0.0170054498334
0.0238178136414
0.0246046851786
0.023769695602
0.00952198704607
0.00181121624849
0.00544005515703
0.0072197035126
0.0
0.0457877797001
0.0623865565708
0.0340356280849
0.0209252326683
0.0195771782231
0.0307954319187
0.0256802611815
0.016252129247
0.0165709836666
0.0742531392642
0.00763902845561
0.00971525981567
0.0122901772571
0.00657360162553
0.0163768031833
0.755273259647
0.00701776639674
0.019740115081
0.368604512027
0.0133294846917
0.0108557038626
0.00507804514662
0.0454262344103
0.0299617719955
0.0248525017751
0.00889123303978
0.00739107621397
0.0
0.0201921585788
0.0154949187979
0.0657818588751
0.0124856559449
0.00634857512702
0.213425943033
0.0131081005744
0.00736952767633
0.0083591215866
19.7448764153
0.0150380885197
0.00645870736616
0.0443655445072
1.18542256777
0.0515026396925
0.0170054498334
0.0238178136414
0.0246046851786
0.023769695602
0.00952198704607
0.00181121624849
0.00544005515703
0.0072197035126
0.0
0.0457877797001
0.0623865565708
0.0340356280849
0.0209252326683
0.0195771782231
0.0307954319187
0.0256802611815
0.016252129247
0.0165709836666
0.0742531392642
0.00763902845561
0.00971525981567
0.0122901772571
0.00657360162553
0.0163768031833
0.755273259647
0.00701776639674
0.019740115081
0.368604512027
0.0133294846917
0.0108557038626
0.00507804514662
0.0454262344103
0.0299617719955
0.0248525017751
0.00889123303978
0.00739107621397
0.0
0.0201921585788
0.0154949187979
0.0657818588751
0.0124856559449
0.00634857512702
0.213425943033
0.0131081005744
0.00736952767633
0.0083591215866
19.7448764153
0.0150380885197
0.00645870736616
0.0443655445072
1.18542256777
0.0515026396925
0.0170054498334
0.0238178136414
0.0246046851786
0.023769695602
0.00952198704607
0.00181121624849
0.00544005515703
0.0072197035126
0.0
0.0457877797001
0.0623865565708
0.0340356280849
0.0209252326683
0.0195771782231
0.0307954319187
0.0256802611815
0.016252129247
0.0165709836666
0.0742531392642
0.00763902845561
0.00971525981567
0.0122901772571
0.00657360162553
0.0163768031833
0.755273259647
0.00701776639674
0.019740115081
0.368604512027
0.0133294846917
0.0108557038626
0.00507804514662
0.0454262344103
0.0299617719955
0.0248525017751
0.00889123303978
0.00739107621397
0.0
0.0201921585788
0.0154949187979
0.0657818588751
0.0124856559449
0.00634857512702
0.213425943033
0.0131081005744
0.00736952767633
0.0083591215866
19.7448764153
0.0150380885197
0.00645870736616
0.0443655445072
1.18542256777
0.0515026396925
0.0170054498334
0.0238178136414
0.0246046851786
0.023769695602
0.00952198704607
0.00181121624849
0.00544005515703
0.0072197035126
0.0
0.0457877797001
0.0623865565708
0.0340356280849
0.0209252326683
0.0195771782231
0.0307954319187
0.0256802611815
0.016252129247
0.0165709836666
0.0742531392642
0.00763902845561
0.00971525981567
0.0122901772571
0.00657360162553
0.0163768031833
0.755273259647
0.00701776639674
0.019740115081
0.368604512027
0.0133294846917
0.0108557038626
0.00507804514662
0.0454262344103
0.0299617719955
0.0248525017751
0.00889123303978
0.00739107621397
0.0
0.0201921585788
0.0154949187979
0.0657818588751
0.0124856559449
0.00634857512702
0.213425943033
0.0131081005744
0.00736952767633
0.0083591215866
19.7448764153
0.0150380885197
0.00645870736616
0.0443655445072
1.18542256777
0.0515026396925
0.0170054498334
0.0238178136414
0.0246046851786
0.023769695602
0.00952198704607
0.00181121624849
0.00544005515703
0.0072197035126
0.0
0.0457877797001
0.0623865565708
0.0340356280849
0.0209252326683
0.0195771782231
0.0307954319187
0.0256802611815
0.016252129247
0.0165709836666
0.0742531392642
0.00763902845561
0.00971525981567
0.0122901772571
0.00657360162553
0.0163768031833
0.755273259647
0.00701776639674
0.019740115081
0.368604512027
0.0133294846917
0.0108557038626
0.00507804514662
0.0454262344103
0.0299617719955
0.0248525017751
0.00889123303978
0.00739107621397
0.0
0.0201921585788
0.0154949187979
0.0657818588751
0.0124856559449
0.00634857512702
0.213425943033
0.0131081005744
0.00736952767633
0.0083591215866
19.7448764153
0.0150380885197
0.00645870736616
0.0443655445072
1.18542256777
0.0515026396925
0.0170054498334
0.0238178136414
0.0246046851786
0.023769695602
0.00952198704607
0.00181121624849
0.00544005515703
0.0072197035126
0.0
0.0457877797001
0.0623865565708
0.0340356280849
0.0209252326683
0.0195771782231
0.0307954319187
0.0256802611815
0.016252129247
0.0165709836666
0.0742531392642
0.00763902845561
0.00971525981567
0.0122901772571
0.00657360162553
0.0163768031833
0.755273259647
0.00701776639674
0.019740115081
0.368604512027
0.0133294846917
0.0108557038626
0.00507804514662
0.0454262344103
0.0299617719955
0.0248525017751
0.00889123303978
0.00739107621397
0.0
0.0201921585788
0.0154949187979
0.0657818588751
0.0124856559449
0.00634857512702
0.213425943033
0.0131081005744
0.00736952767633
0.0083591215866
19.7448764153
0.0150380885197
0.00645870736616
0.0443655445072
1.18542256777
0.0515026396925
0.0170054498334
0.0238178136414
0.0246046851786
0.023769695602
0.00952198704607
0.00181121624849
0.00544005515703
0.0072197035126
0.0
0.0457877797001
0.0623865565708
0.0340356280849
0.0209252326683
0.0195771782231
0.0307954319187
0.0256802611815
0.016252129247
0.0165709836666
0.0742531392642
0.00763902845561
0.00971525981567
0.0122901772571
0.00657360162553
0.0163768031833
0.755273259647
0.00701776639674
0.019740115081
0.368604512027
0.0133294846917
0.0108557038626
0.00507804514662
0.0454262344103
0.0299617719955
0.0248525017751
0.00889123303978
0.00739107621397
0.0
0.0201921585788
0.0154949187979
0.0657818588751
0.0124856559449
0.00634857512702
0.213425943033
0.0131081005744
0.00736952767633
0.0083591215866
19.7448764153
0.0150380885197
0.00645870736616
0.0443655445072
1.18542256777
0.0515026396925
0.0170054498334
0.0238178136414
0.0246046851786
0.023769695602
0.00952198704607
0.00181121624849
0.00544005515703
0.0072197035126
0.0
0.0457877797001
0.0623865565708
0.0340356280849
0.0209252326683
0.0195771782231
0.0307954319187
0.0256802611815
0.016252129247
0.0165709836666
0.0742531392642
0.00763902845561
0.00971525981567
0.0122901772571
0.00657360162553
0.0163768031833
0.755273259647
0.00701776639674
0.019740115081
0.368604512027
0.0133294846917
0.0108557038626
0.00507804514662
0.0454262344103
0.0299617719955
0.0248525017751
0.00889123303978
0.00739107621397
0.0
0.0201921585788
0.0154949187979
0.0657818588751
0.0124856559449
0.00634857512702
0.213425943033
0.0131081005744
0.00736952767633
0.0083591215866
19.7448764153
0.0150380885197
0.00645870736616
0.0443655445072
1.18542256777
0.0515026396925
0.0170054498334
0.0238178136414
0.0246046851786
0.023769695602
0.00952198704607
0.00181121624849
0.00544005515703
0.0072197035126
0.0
0.0457877797001
0.0623865565708
0.0340356280849
0.0209252326683
0.0195771782231
0.0307954319187
0.0256802611815
0.016252129247
0.0165709836666
0.0742531392642
0.00763902845561
0.00971525981567
0.0122901772571
0.00657360162553
0.0163768031833
0.755273259647
0.00701776639674
0.019740115081
0.368604512027
0.0133294846917
0.0108557038626
0.00507804514662
0.0454262344103
0.0299617719955
0.0248525017751
0.00889123303978
0.00739107621397
0.0
0.0201921585788
0.0154949187979
0.0657818588751
0.0124856559449
0.00634857512702
0.213425943033
0.0131081005744
0.00736952767633
0.0083591215866
19.7448764153
0.0150380885197
0.00645870736616
0.0443655445072
1.18542256777
0.0515026396925
0.0170054498334
0.0238178136414
0.0246046851786
0.023769695602
0.00952198704607
0.00181121624849
0.00544005515703
0.0072197035126
0.0
0.0457877797001
0.0623865565708
0.0340356280849
0.0209252326683
0.0195771782231
0.0307954319187
0.0256802611815
0.016252129247
0.0165709836666
0.0742531392642
0.00763902845561
0.00971525981567
0.0122901772571
0.00657360162553
0.0163768031833
0.755273259647
0.00701776639674
0.019740115081
0.368604512027
0.0133294846917
0.0108557038626
0.00507804514662
0.0454262344103
0.0299617719955
0.0248525017751
0.00889123303978
0.00739107621397
0.0
0.0201921585788
0.0154949187979
0.0657818588751
0.0124856559449
0.00634857512702
0.213425943033
0.0131081005744
0.00736952767633
0.0083591215866
19.7448764153
0.0150380885197
0.00645870736616
0.0443655445072
1.18542256777
0.0515026396925
0.0170054498334
0.0238178136414
0.0246046851786
0.023769695602
0.00952198704607
0.00181121624849
0.00544005515703
0.0072197035126
0.0
0.0457877797001
0.0623865565708
0.0340356280849
0.0209252326683
0.0195771782231
0.0307954319187
0.0256802611815
0.016252129247
0.0165709836666
0.0742531392642
0.00763902845561
0.00971525981567
0.0122901772571
0.00657360162553
0.0163768031833
0.755273259647
0.00701776639674
0.019740115081
0.368604512027
0.0133294846917
0.0108557038626
0.00507804514662
0.0454262344103
0.0299617719955
0.0248525017751
0.00889123303978
0.00739107621397
0.0
0.0201921585788
0.0154949187979
0.0657818588751
0.0124856559449
0.00634857512702
0.213425943033
0.0131081005744
0.00736952767633
0.0083591215866
19.7448764153
0.0150380885197
0.00645870736616
0.0443655445072
1.18542256777
0.0515026396925
0.0170054498334
0.0238178136414
0.0246046851786
0.023769695602
0.00952198704607
0.00181121624849
0.00544005515703
0.0072197035126
0.0
0.0457877797001
0.0623865565708
0.0340356280849
0.0209252326683
0.0195771782231
0.0307954319187
0.0256802611815
0.016252129247
0.0165709836666
0.0742531392642
0.00763902845561
0.00971525981567
0.0122901772571
0.00657360162553
0.0163768031833
0.755273259647
0.00701776639674
0.019740115081
0.368604512027
0.0133294846917
0.0108557038626
0.00507804514662
0.0454262344103
0.0299617719955
0.0248525017751
0.00889123303978
0.00739107621397
0.0
0.0201921585788
0.0154949187979
0.0657818588751
0.0124856559449
0.00634857512702
0.213425943033
0.0131081005744
0.00736952767633
0.0083591215866
19.7448764153
0.0150380885197
0.00645870736616
0.0443655445072
1.18542256777
0.0515026396925
0.0170054498334
0.0238178136414
0.0246046851786
0.023769695602
0.00952198704607
0.00181121624849
0.00544005515703
0.0072197035126
0.0
0.0457877797001
0.0623865565708
0.0340356280849
0.0209252326683
0.0195771782231
0.0307954319187
0.0256802611815
0.016252129247
0.0165709836666
0.0742531392642
0.00763902845561
0.00971525981567
0.0122901772571
0.00657360162553
0.0163768031833
0.755273259647
0.00701776639674
0.019740115081
0.368604512027
0.0133294846917
0.0108557038626
0.00507804514662
0.0454262344103
0.0299617719955
0.0248525017751
0.00889123303978
0.00739107621397
0.0
0.0201921585788
0.0154949187979
0.0657818588751
0.0124856559449
0.00634857512702
0.213425943033
0.0131081005744
0.00736952767633
0.0083591215866
19.7448764153
0.0150380885197
0.00645870736616
0.0443655445072
1.18542256777
0.0515026396925
0.0170054498334
0.0238178136414
0.0246046851786
0.023769695602
0.00952198704607
0.00181121624849
0.00544005515703
0.0072197035126
0.0
0.0457877797001
0.0623865565708
0.0340356280849
0.0209252326683
0.0195771782231
0.0307954319187
0.0256802611815
0.016252129247
0.0165709836666
0.0742531392642
0.00763902845561
0.00971525981567
0.0122901772571
0.00657360162553
0.0163768031833
0.755273259647
0.00701776639674
0.019740115081
0.368604512027
0.0133294846917
0.0108557038626
0.00507804514662
0.0454262344103
0.0299617719955
0.0248525017751
0.00889123303978
0.00739107621397
0.0
0.0201921585788
0.0154949187979
0.0657818588751
0.0124856559449
0.00634857512702
0.213425943033
0.0131081005744
0.00736952767633
0.0083591215866
19.7448764153
0.0150380885197
0.00645870736616
0.0443655445072
1.18542256777
0.0515026396925
0.0170054498334
0.0238178136414
0.0246046851786
0.023769695602
0.00952198704607
0.00181121624849
0.00544005515703
0.0072197035126
0.0
0.0457877797001
0.0623865565708
0.0340356280849
0.0209252326683
0.0195771782231
0.0307954319187
0.0256802611815
0.016252129247
0.0165709836666
0.0742531392642
0.00763902845561
0.00971525981567
0.0122901772571
0.00657360162553
0.0163768031833
0.755273259647
0.00701776639674
0.019740115081
0.368604512027
0.0133294846917
0.0108557038626
0.00507804514662
0.0454262344103
0.0299617719955
0.0248525017751
0.00889123303978
0.00739107621397
0.0
0.0201921585788
0.0154949187979
0.0657818588751
0.0124856559449
0.00634857512702
0.213425943033
0.0131081005744
0.00736952767633
0.0083591215866
19.7448764153
0.0150380885197
0.00645870736616
0.0443655445072
1.18542256777
0.0515026396925
0.0170054498334
0.0238178136414
0.0246046851786
0.023769695602
0.00952198704607
0.00181121624849
0.00544005515703
0.0072197035126
0.0
0.0457877797001
0.0623865565708
0.0340356280849
0.0209252326683
0.0195771782231
0.0307954319187
0.0256802611815
0.016252129247
0.0165709836666
0.0742531392642
0.00763902845561
0.00971525981567
0.0122901772571
0.00657360162553
0.0163768031833
0.755273259647
0.00701776639674
0.019740115081
0.368604512027
0.0133294846917
0.0108557038626
0.00507804514662
0.0454262344103
0.0299617719955
0.0248525017751
0.00889123303978
0.00739107621397
0.0
0.0201921585788
0.0154949187979
0.0657818588751
0.0124856559449
0.00634857512702
0.213425943033
0.0131081005744
0.00736952767633
0.0083591215866
19.7448764153
0.0150380885197
0.00645870736616
0.0443655445072
1.18542256777
0.0515026396925
0.0170054498334
0.0238178136414
0.0246046851786
0.023769695602
0.00952198704607
0.00181121624849
0.00544005515703
0.0072197035126
0.0
0.0457877797001
0.0623865565708
0.0340356280849
0.0209252326683
0.0195771782231
0.0307954319187
0.0256802611815
0.016252129247
0.0165709836666
0.0742531392642
0.00763902845561
0.00971525981567
0.0122901772571
0.00657360162553
0.0163768031833
0.755273259647
0.00701776639674
0.019740115081
0.368604512027
0.0133294846917
0.0108557038626
0.00507804514662
0.0454262344103
0.0299617719955
0.0248525017751
0.00889123303978
0.00739107621397
0.0
0.0201921585788
0.0154949187979
0.0657818588751
0.0124856559449
0.00634857512702
0.213425943033
0.0131081005744
0.00736952767633
0.0083591215866
19.7448764153
0.0150380885197
0.00645870736616
0.0443655445072
1.18542256777
0.0515026396925
0.0170054498334
0.0238178136414
0.0246046851786
0.023769695602
0.00952198704607
0.00181121624849
0.00544005515703
0.0072197035126
0.0
0.0457877797001
0.0623865565708
0.0340356280849
0.0209252326683
0.0195771782231
0.0307954319187
0.0256802611815
0.016252129247
0.0165709836666
0.0742531392642
0.00763902845561
0.00971525981567
0.0122901772571
0.00657360162553
0.0163768031833
0.755273259647
0.00701776639674
0.019740115081
0.368604512027
0.0133294846917
0.0108557038626
0.00507804514662
0.0454262344103
0.0299617719955
0.0248525017751
0.00889123303978
0.00739107621397
0.0
0.0201921585788
0.0154949187979
0.0657818588751
0.0124856559449
0.00634857512702
0.213425943033
0.0131081005744
0.00736952767633
0.0083591215866
19.7448764153
0.0150380885197
0.00645870736616
0.0443655445072
1.18542256777
0.0515026396925
0.0170054498334
0.0238178136414
0.0246046851786
0.023769695602
0.00952198704607
0.00181121624849
0.00544005515703
0.0072197035126
0.0
0.0457877797001
0.0623865565708
0.0340356280849
0.0209252326683
0.0195771782231
0.0307954319187
0.0256802611815
0.016252129247
0.0165709836666
0.0742531392642
0.00763902845561
0.00971525981567
0.0122901772571
0.00657360162553
0.0163768031833
0.755273259647
0.00701776639674
0.019740115081
0.368604512027
0.0133294846917
0.0108557038626
0.00507804514662
0.0454262344103
0.0299617719955
0.0248525017751
0.00889123303978
0.00739107621397
0.0
0.0201921585788
0.0154949187979
0.0657818588751
0.0124856559449
0.00634857512702
0.213425943033
0.0131081005744
0.00736952767633
0.0083591215866
19.7448764153
0.0150380885197
0.00645870736616
0.0443655445072
1.18542256777
0.0515026396925
0.0170054498334
0.0238178136414
0.0246046851786
0.023769695602
0.00952198704607
0.00181121624849
0.00544005515703
0.0072197035126
0.0
0.0457877797001
0.0623865565708
0.0340356280849
0.0209252326683
0.0195771782231
0.0307954319187
0.0256802611815
0.016252129247
0.0165709836666
0.0742531392642
0.00763902845561
0.00971525981567
0.0122901772571
0.00657360162553
0.0163768031833
0.755273259647
0.00701776639674
0.019740115081
0.368604512027
0.0133294846917
0.0108557038626
0.00507804514662
0.0454262344103
0.0299617719955
0.0248525017751
0.00889123303978
0.00739107621397
0.0
0.0201921585788
0.0154949187979
0.0657818588751
0.0124856559449
0.00634857512702
0.213425943033
0.0131081005744
0.00736952767633
0.0083591215866
19.7448764153
0.0150380885197
0.00645870736616
0.0443655445072
1.18542256777
0.0515026396925
0.0170054498334
0.0238178136414
0.0246046851786
0.023769695602
0.00952198704607
0.00181121624849
0.00544005515703
0.0072197035126
0.0
0.0457877797001
0.0623865565708
0.0340356280849
0.0209252326683
0.0195771782231
0.0307954319187
0.0303845174336
0.0163335181481
0.0173845361769
0.0645624525299
0.0145286236986
0.0120441787297
0.026786451182
0.00711368369989
0.0249929478236
0.702123427819
0.00957411329891
0.0253242109756
0.448068170874
0.014950992769
0.016983070147
0.00619466850345
0.0502883867555
0.0222466084783
0.0451133529
0.0171663927551
0.0173108827307
0.0
0.0251490309151
0.0289403541383
0.123977534856
0.0178888893038
0.00545061137821
0.243813689418
0.0183013927143
0.00991519915142
0.0106891527377
17.3522424791
0.0156305511642
0.00942170124272
0.0375725898273
1.26139505045
0.074546279116
0.0224893426089
0.048536736259
0.034586633701
0.0355835559499
0.0179820915065
0.00231448301995
0.00752769887819
0.00897431461493
0.0
0.0541497755894
0.0744995195538
0.0388078323928
0.0280435374371
0.0293904558945
0.16675248822
0.028128036737
0.0201467551321
0.0224304044241
0.092274111828
0.0115092812615
0.0106013920877
0.0146618573591
0.00861606108498
0.0243357758276
0.96324677813
0.00826289690055
0.0273813671057
0.495905570857
0.0182409849008
0.0153316264081
0.00606424400183
0.0532597597112
0.0392508944884
0.0356858469347
0.0125929439225
0.00965524075538
0.0
0.0264270712003
0.0215555741175
0.0844966110552
0.0155907782536
0.00726712470354
0.278275617875
0.0158114886795
0.00862288125264
0.010193613347
25.20928566
0.0137544032268
0.00791035562025
0.0582121665648
1.5271595386
0.0720097529225
0.0235416120351
0.0264838471416
0.0302113516814
0.0331031009287
0.0115109636967
0.00210950100449
0.00819610103066
0.00965349950561
0.0
0.063608346241
0.0938679871699
0.0318070776267
0.0275146672483
0.0278788442679
0.0427345626405
0.0303845174336
0.0163335181481
0.0173845361769
0.0645624525299
0.0145286236986
0.0120441787297
0.026786451182
0.00711368369989
0.014507729872
0.0249929478236
0.702123427819
0.00957411329891
0.0253242109756
0.448068170874
0.014950992769
0.016983070147
0.00619466850345
0.0502883867555
0.0222466084783
0.0451133529
0.0171663927551
0.0173108827307
0.0
0.0251490309151
0.0289403541383
0.123977534856
0.0178888893038
0.00545061137821
0.243813689418
0.0183013927143
0.00991519915142
0.0106891527377
17.3522424791
0.0156305511642
0.00942170124272
0.0375725898273
1.26139505045
0.074546279116
0.0224893426089
0.048536736259
0.034586633701
0.0355835559499
0.0179820915065
0.00231448301995
0.00752769887819
0.00897431461493
0.0
0.0541497755894
0.0744995195538
0.0388078323928
0.0280435374371
0.0293904558945
0.16675248822
0.028128036737
0.0201467551321
0.0224304044241
0.092274111828
0.0115092812615
0.0106013920877
0.0146618573591
0.00861606108498
0.0253112207841
0.0243357758276
0.96324677813
0.00826289690055
0.0273813671057
0.495905570857
0.0182409849008
0.0153316264081
0.00606424400183
0.0532597597112
0.0392508944884
0.0356858469347
0.0125929439225
0.00965524075538
0.0
0.0264270712003
0.0215555741175
0.0844966110552
0.0155907782536
0.00726712470354
0.278275617875
0.0158114886795
0.00862288125264
0.010193613347
25.20928566
0.0137544032268
0.00791035562025
0.0582121665648
1.5271595386
0.0720097529225
0.0235416120351
0.0264838471416
0.0302113516814
0.0331031009287
0.0115109636967
0.00210950100449
0.00819610103066
0.00965349950561
0.0
0.063608346241
0.0938679871699
0.0318070776267
0.0275146672483
0.0278788442679
0.0427345626405
0.0256802611815
0.016252129247
0.0165709836666
0.0742531392642
0.00763902845561
0.00971525981567
0.0122901772571
0.00657360162553
0.0212860167468
0.0163768031833
0.755273259647
0.00701776639674
0.019740115081
0.368604512027
0.0133294846917
0.0108557038626
0.00507804514662
0.0454262344103
0.0299617719955
0.0248525017751
0.00889123303978
0.00739107621397
0.0
0.0201921585788
0.0154949187979
0.0657818588751
0.0124856559449
0.00634857512702
0.213425943033
0.0131081005744
0.00736952767633
0.0083591215866
19.7448764153
0.0150380885197
0.00645870736616
0.0443655445072
1.18542256777
0.0515026396925
0.0170054498334
0.0238178136414
0.0246046851786
0.023769695602
0.00952198704607
0.00181121624849
0.00544005515703
0.0072197035126
0.0
0.0457877797001
0.0623865565708
0.0340356280849
0.0209252326683
0.0195771782231
0.0307954319187
0.0256802611815
0.016252129247
0.0165709836666
0.0742531392642
0.00763902845561
0.00971525981567
0.0122901772571
0.00657360162553
0.0212860167468
0.0163768031833
0.755273259647
0.00701776639674
0.019740115081
0.368604512027
0.0133294846917
0.0108557038626
0.00507804514662
0.0454262344103
0.0299617719955
0.0248525017751
0.00889123303978
0.00739107621397
0.0
0.0201921585788
0.0154949187979
0.0657818588751
0.0124856559449
0.00634857512702
0.213425943033
0.0131081005744
0.00736952767633
0.0083591215866
19.7448764153
0.0150380885197
0.00645870736616
0.0443655445072
1.18542256777
0.0515026396925
0.0170054498334
0.0238178136414
0.0246046851786
0.023769695602
0.00952198704607
0.00181121624849
0.00544005515703
0.0072197035126
0.0
0.0457877797001
0.0623865565708
0.0340356280849
0.0209252326683
0.0195771782231
0.0307954319187
0.0256802611815
0.016252129247
0.0165709836666
0.0742531392642
0.00763902845561
0.00971525981567
0.0122901772571
0.00657360162553
0.0212860167468
0.0163768031833
0.755273259647
0.00701776639674
0.019740115081
0.368604512027
0.0133294846917
0.0108557038626
0.00507804514662
0.0454262344103
0.0299617719955
0.0248525017751
0.00889123303978
0.00739107621397
0.0
0.0201921585788
0.0154949187979
0.0657818588751
0.0124856559449
0.00634857512702
0.213425943033
0.0131081005744
0.00736952767633
0.0083591215866
19.7448764153
0.0150380885197
0.00645870736616
0.0443655445072
1.18542256777
0.0515026396925
0.0170054498334
0.0238178136414
0.0246046851786
0.023769695602
0.00952198704607
0.00181121624849
0.00544005515703
0.0072197035126
0.0
0.0457877797001
0.0623865565708
0.0340356280849
0.0209252326683
0.0195771782231
0.0307954319187
0.0256802611815
0.016252129247
0.0165709836666
0.0742531392642
0.00763902845561
0.00971525981567
0.0122901772571
0.00657360162553
0.0212860167468
0.0163768031833
0.755273259647
0.00701776639674
0.019740115081
0.368604512027
0.0133294846917
0.0108557038626
0.00507804514662
0.0454262344103
0.0299617719955
0.0248525017751
0.00889123303978
0.00739107621397
0.0
0.0201921585788
0.0154949187979
0.0657818588751
0.0124856559449
0.00634857512702
0.213425943033
0.0131081005744
0.00736952767633
0.0083591215866
19.7448764153
0.0150380885197
0.00645870736616
0.0443655445072
1.18542256777
0.0515026396925
0.0170054498334
0.0238178136414
0.0246046851786
0.023769695602
0.00952198704607
0.00181121624849
0.00544005515703
0.0072197035126
0.0
0.0457877797001
0.0623865565708
0.0340356280849
0.0209252326683
0.0195771782231
0.0307954319187
0.0256802611815
0.016252129247
0.0165709836666
0.0742531392642
0.00763902845561
0.00971525981567
0.0122901772571
0.00657360162553
0.0212860167468
0.0163768031833
0.755273259647
0.00701776639674
0.019740115081
0.368604512027
0.0133294846917
0.0108557038626
0.00507804514662
0.0454262344103
0.0299617719955
0.0248525017751
0.00889123303978
0.00739107621397
0.0
0.0201921585788
0.0154949187979
0.0657818588751
0.0124856559449
0.00634857512702
0.213425943033
0.0131081005744
0.00736952767633
0.0083591215866
19.7448764153
0.0150380885197
0.00645870736616
0.0443655445072
1.18542256777
0.0515026396925
0.0170054498334
0.0238178136414
0.0246046851786
0.023769695602
0.00952198704607
0.00181121624849
0.00544005515703
0.0072197035126
0.0
0.0457877797001
0.0623865565708
0.0340356280849
0.0209252326683
0.0195771782231
0.0307954319187
0.0256802611815
0.016252129247
0.0165709836666
0.0742531392642
0.00763902845561
0.00971525981567
0.0122901772571
0.00657360162553
0.0212860167468
0.0163768031833
0.755273259647
0.00701776639674
0.019740115081
0.368604512027
0.0133294846917
0.0108557038626
0.00507804514662
0.0454262344103
0.0299617719955
0.0248525017751
0.00889123303978
0.00739107621397
0.0
0.0201921585788
0.0154949187979
0.0657818588751
0.0124856559449
0.00634857512702
0.213425943033
0.0131081005744
0.00736952767633
0.0083591215866
19.7448764153
0.0150380885197
0.00645870736616
0.0443655445072
1.18542256777
0.0515026396925
0.0170054498334
0.0238178136414
0.0246046851786
0.023769695602
0.00952198704607
0.00181121624849
0.00544005515703
0.0072197035126
0.0
0.0457877797001
0.0623865565708
0.0340356280849
0.0209252326683
0.0195771782231
0.0307954319187
0.0256802611815
0.016252129247
0.0165709836666
0.0742531392642
0.00763902845561
0.00971525981567
0.0122901772571
0.00657360162553
0.0212860167468
0.0163768031833
0.755273259647
0.00701776639674
0.019740115081
0.368604512027
0.0133294846917
0.0108557038626
0.00507804514662
0.0454262344103
0.0299617719955
0.0248525017751
0.00889123303978
0.00739107621397
0.0
0.0201921585788
0.0154949187979
0.0657818588751
0.0124856559449
0.00634857512702
0.213425943033
0.0131081005744
0.00736952767633
0.0083591215866
19.7448764153
0.0150380885197
0.00645870736616
0.0443655445072
1.18542256777
0.0515026396925
0.0170054498334
0.0238178136414
0.0246046851786
0.023769695602
0.00952198704607
0.00181121624849
0.00544005515703
0.0072197035126
0.0
0.0457877797001
0.0623865565708
0.0340356280849
0.0209252326683
0.0195771782231
0.0307954319187
0.0256802611815
0.016252129247
0.0165709836666
0.0742531392642
0.00763902845561
0.00971525981567
0.0122901772571
0.00657360162553
0.0212860167468
0.0163768031833
0.755273259647
0.00701776639674
0.019740115081
0.368604512027
0.0133294846917
0.0108557038626
0.00507804514662
0.0454262344103
0.0299617719955
0.0248525017751
0.00889123303978
0.00739107621397
0.0
0.0201921585788
0.0154949187979
0.0657818588751
0.0124856559449
0.00634857512702
0.213425943033
0.0131081005744
0.00736952767633
0.0083591215866
19.7448764153
0.0150380885197
0.00645870736616
0.0443655445072
1.18542256777
0.0515026396925
0.0170054498334
0.0238178136414
0.0246046851786
0.023769695602
0.00952198704607
0.00181121624849
0.00544005515703
0.0072197035126
0.0
0.0457877797001
0.0623865565708
0.0340356280849
0.0209252326683
0.0195771782231
0.0307954319187
0.0256802611815
0.016252129247
0.0165709836666
0.0742531392642
0.00763902845561
0.00971525981567
0.0122901772571
0.00657360162553
0.0212860167468
0.0163768031833
0.755273259647
0.00701776639674
0.019740115081
0.368604512027
0.0133294846917
0.0108557038626
0.00507804514662
0.0454262344103
0.0299617719955
0.0248525017751
0.00889123303978
0.00739107621397
0.0
0.0201921585788
0.0154949187979
0.0657818588751
0.0124856559449
0.00634857512702
0.213425943033
0.0131081005744
0.00736952767633
0.0083591215866
19.7448764153
0.0150380885197
0.00645870736616
0.0443655445072
1.18542256777
0.0515026396925
0.0170054498334
0.0238178136414
0.0246046851786
0.023769695602
0.00952198704607
0.00181121624849
0.00544005515703
0.0072197035126
0.0
0.0457877797001
0.0623865565708
0.0340356280849
0.0209252326683
0.0195771782231
0.0307954319187
0.0256802611815
0.016252129247
0.0165709836666
0.0742531392642
0.00763902845561
0.00971525981567
0.0122901772571
0.00657360162553
0.0212860167468
0.0163768031833
0.755273259647
0.00701776639674
0.019740115081
0.368604512027
0.0133294846917
0.0108557038626
0.00507804514662
0.0454262344103
0.0299617719955
0.0248525017751
0.00889123303978
0.00739107621397
0.0
0.0201921585788
0.0154949187979
0.0657818588751
0.0124856559449
0.00634857512702
0.213425943033
0.0131081005744
0.00736952767633
0.0083591215866
19.7448764153
0.0150380885197
0.00645870736616
0.0443655445072
1.18542256777
0.0515026396925
0.0170054498334
0.0238178136414
0.0246046851786
0.023769695602
0.00952198704607
0.00181121624849
0.00544005515703
0.0072197035126
0.0
0.0457877797001
0.0623865565708
0.0340356280849
0.0209252326683
0.0195771782231
0.0307954319187
0.0256802611815
0.016252129247
0.0165709836666
0.0742531392642
0.00763902845561
0.00971525981567
0.0122901772571
0.00657360162553
0.0212860167468
0.0163768031833
0.755273259647
0.00701776639674
0.019740115081
0.368604512027
0.0133294846917
0.0108557038626
0.00507804514662
0.0454262344103
0.0299617719955
0.0248525017751
0.00889123303978
0.00739107621397
0.0
0.0201921585788
0.0154949187979
0.0657818588751
0.0124856559449
0.00634857512702
0.213425943033
0.0131081005744
0.00736952767633
0.0083591215866
19.7448764153
0.0150380885197
0.00645870736616
0.0443655445072
1.18542256777
0.0515026396925
0.0170054498334
0.0238178136414
0.0246046851786
0.023769695602
0.00952198704607
0.00181121624849
0.00544005515703
0.0072197035126
0.0
0.0457877797001
0.0623865565708
0.0340356280849
0.0209252326683
0.0195771782231
0.0307954319187
0.0256802611815
0.016252129247
0.0165709836666
0.0742531392642
0.00763902845561
0.00971525981567
0.0122901772571
0.00657360162553
0.0212860167468
0.0163768031833
0.755273259647
0.00701776639674
0.019740115081
0.368604512027
0.0133294846917
0.0108557038626
0.00507804514662
0.0454262344103
0.0299617719955
0.0248525017751
0.00889123303978
0.00739107621397
0.0
0.0201921585788
0.0154949187979
0.0657818588751
0.0124856559449
0.00634857512702
0.213425943033
0.0131081005744
0.00736952767633
0.0083591215866
19.7448764153
0.0150380885197
0.00645870736616
0.0443655445072
1.18542256777
0.0515026396925
0.0170054498334
0.0238178136414
0.0246046851786
0.023769695602
0.00952198704607
0.00181121624849
0.00544005515703
0.0072197035126
0.0
0.0457877797001
0.0623865565708
0.0340356280849
0.0209252326683
0.0195771782231
0.0307954319187
0.0256802611815
0.016252129247
0.0165709836666
0.0742531392642
0.00763902845561
0.00971525981567
0.0122901772571
0.00657360162553
0.0212860167468
0.0163768031833
0.755273259647
0.00701776639674
0.019740115081
0.368604512027
0.0133294846917
0.0108557038626
0.00507804514662
0.0454262344103
0.0299617719955
0.0248525017751
0.00889123303978
0.00739107621397
0.0
0.0201921585788
0.0154949187979
0.0657818588751
0.0124856559449
0.00634857512702
0.213425943033
0.0131081005744
0.00736952767633
0.0083591215866
19.7448764153
0.0150380885197
0.00645870736616
0.0443655445072
1.18542256777
0.0515026396925
0.0170054498334
0.0238178136414
0.0246046851786
0.023769695602
0.00952198704607
0.00181121624849
0.00544005515703
0.0072197035126
0.0
0.0457877797001
0.0623865565708
0.0340356280849
0.0209252326683
0.0195771782231
0.0307954319187
0.0256802611815
0.016252129247
0.0165709836666
0.0742531392642
0.00763902845561
0.00971525981567
0.0122901772571
0.00657360162553
0.0212860167468
0.0163768031833
0.755273259647
0.00701776639674
0.019740115081
0.368604512027
0.0133294846917
0.0108557038626
0.00507804514662
0.0454262344103
0.0299617719955
0.0248525017751
0.00889123303978
0.00739107621397
0.0
0.0201921585788
0.0154949187979
0.0657818588751
0.0124856559449
0.00634857512702
0.213425943033
0.0131081005744
0.00736952767633
0.0083591215866
19.7448764153
0.0150380885197
0.00645870736616
0.0443655445072
1.18542256777
0.0515026396925
0.0170054498334
0.0238178136414
0.0246046851786
0.023769695602
0.00952198704607
0.00181121624849
0.00544005515703
0.0072197035126
0.0
0.0457877797001
0.0623865565708
0.0340356280849
0.0209252326683
0.0195771782231
0.0307954319187
0.0256802611815
0.016252129247
0.0165709836666
0.0742531392642
0.00763902845561
0.00971525981567
0.0122901772571
0.00657360162553
0.0212860167468
0.0163768031833
0.755273259647
0.00701776639674
0.019740115081
0.368604512027
0.0133294846917
0.0108557038626
0.00507804514662
0.0454262344103
0.0299617719955
0.0248525017751
0.00889123303978
0.00739107621397
0.0
0.0201921585788
0.0154949187979
0.0657818588751
0.0124856559449
0.00634857512702
0.213425943033
0.0131081005744
0.00736952767633
0.0083591215866
19.7448764153
0.0150380885197
0.00645870736616
0.0443655445072
1.18542256777
0.0515026396925
0.0170054498334
0.0238178136414
0.0246046851786
0.023769695602
0.00952198704607
0.00181121624849
0.00544005515703
0.0072197035126
0.0
0.0457877797001
0.0623865565708
0.0340356280849
0.0209252326683
0.0195771782231
0.0307954319187
0.0256802611815
0.016252129247
0.0165709836666
0.0742531392642
0.00763902845561
0.00971525981567
0.0122901772571
0.00657360162553
0.0212860167468
0.0163768031833
0.755273259647
0.00701776639674
0.019740115081
0.368604512027
0.0133294846917
0.0108557038626
0.00507804514662
0.0454262344103
0.0299617719955
0.0248525017751
0.00889123303978
0.00739107621397
0.0
0.0201921585788
0.0154949187979
0.0657818588751
0.0124856559449
0.00634857512702
0.213425943033
0.0131081005744
0.00736952767633
0.0083591215866
19.7448764153
0.0150380885197
0.00645870736616
0.0443655445072
1.18542256777
0.0515026396925
0.0170054498334
0.0238178136414
0.0246046851786
0.023769695602
0.00952198704607
0.00181121624849
0.00544005515703
0.0072197035126
0.0
0.0457877797001
0.0623865565708
0.0340356280849
0.0209252326683
0.0195771782231
0.0307954319187
0.0256802611815
0.016252129247
0.0165709836666
0.0742531392642
0.00763902845561
0.00971525981567
0.0122901772571
0.00657360162553
0.0212860167468
0.0163768031833
0.755273259647
0.00701776639674
0.019740115081
0.368604512027
0.0133294846917
0.0108557038626
0.00507804514662
0.0454262344103
0.0299617719955
0.0248525017751
0.00889123303978
0.00739107621397
0.0
0.0201921585788
0.0154949187979
0.0657818588751
0.0124856559449
0.00634857512702
0.213425943033
0.0131081005744
0.00736952767633
0.0083591215866
19.7448764153
0.0150380885197
0.00645870736616
0.0443655445072
1.18542256777
0.0515026396925
0.0170054498334
0.0238178136414
0.0246046851786
0.023769695602
0.00952198704607
0.00181121624849
0.00544005515703
0.0072197035126
0.0
0.0457877797001
0.0623865565708
0.0340356280849
0.0209252326683
0.0195771782231
0.0307954319187
0.0256802611815
0.016252129247
0.0165709836666
0.0742531392642
0.00763902845561
0.00971525981567
0.0122901772571
0.00657360162553
0.0212860167468
0.0163768031833
0.755273259647
0.00701776639674
0.019740115081
0.368604512027
0.0133294846917
0.0108557038626
0.00507804514662
0.0454262344103
0.0299617719955
0.0248525017751
0.00889123303978
0.00739107621397
0.0
0.0201921585788
0.0154949187979
0.0657818588751
0.0124856559449
0.00634857512702
0.213425943033
0.0131081005744
0.00736952767633
0.0083591215866
19.7448764153
0.0150380885197
0.00645870736616
0.0443655445072
1.18542256777
0.0515026396925
0.0170054498334
0.0238178136414
0.0246046851786
0.023769695602
0.00952198704607
0.00181121624849
0.00544005515703
0.0072197035126
0.0
0.0457877797001
0.0623865565708
0.0340356280849
0.0209252326683
0.0195771782231
0.0307954319187
0.0256802611815
0.016252129247
0.0165709836666
0.0742531392642
0.00763902845561
0.00971525981567
0.0122901772571
0.00657360162553
0.0212860167468
0.0163768031833
0.755273259647
0.00701776639674
0.019740115081
0.368604512027
0.0133294846917
0.0108557038626
0.00507804514662
0.0454262344103
0.0299617719955
0.0248525017751
0.00889123303978
0.00739107621397
0.0
0.0201921585788
0.0154949187979
0.0657818588751
0.0124856559449
0.00634857512702
0.213425943033
0.0131081005744
0.00736952767633
0.0083591215866
19.7448764153
0.0150380885197
0.00645870736616
0.0443655445072
1.18542256777
0.0515026396925
0.0170054498334
0.0238178136414
0.0246046851786
0.023769695602
0.00952198704607
0.00181121624849
0.00544005515703
0.0072197035126
0.0
0.0457877797001
0.0623865565708
0.0340356280849
0.0209252326683
0.0195771782231
0.0307954319187
0.0256802611815
0.016252129247
0.0165709836666
0.0742531392642
0.00763902845561
0.00971525981567
0.0122901772571
0.00657360162553
0.0212860167468
0.0163768031833
0.755273259647
0.00701776639674
0.019740115081
0.368604512027
0.0133294846917
0.0108557038626
0.00507804514662
0.0454262344103
0.0299617719955
0.0248525017751
0.00889123303978
0.00739107621397
0.0
0.0201921585788
0.0154949187979
0.0657818588751
0.0124856559449
0.00634857512702
0.213425943033
0.0131081005744
0.00736952767633
0.0083591215866
19.7448764153
0.0150380885197
0.00645870736616
0.0443655445072
1.18542256777
0.0515026396925
0.0170054498334
0.0238178136414
0.0246046851786
0.023769695602
0.00952198704607
0.00181121624849
0.00544005515703
0.0072197035126
0.0
0.0457877797001
0.0623865565708
0.0340356280849
0.0209252326683
0.0195771782231
0.0307954319187
0.0256802611815
0.016252129247
0.0165709836666
0.0742531392642
0.00763902845561
0.00971525981567
0.0122901772571
0.00657360162553
0.0212860167468
0.0163768031833
0.755273259647
0.00701776639674
0.019740115081
0.368604512027
0.0133294846917
0.0108557038626
0.00507804514662
0.0454262344103
0.0299617719955
0.0248525017751
0.00889123303978
0.00739107621397
0.0
0.0201921585788
0.0154949187979
0.0657818588751
0.0124856559449
0.00634857512702
0.213425943033
0.0131081005744
0.00736952767633
0.0083591215866
19.7448764153
0.0150380885197
0.00645870736616
0.0443655445072
1.18542256777
0.0515026396925
0.0170054498334
0.0238178136414
0.0246046851786
0.023769695602
0.00952198704607
0.00181121624849
0.00544005515703
0.0072197035126
0.0
0.0457877797001
0.0623865565708
0.0340356280849
0.0209252326683
0.0195771782231
0.0307954319187
0.0256802611815
0.016252129247
0.0165709836666
0.0742531392642
0.00763902845561
0.00971525981567
0.0122901772571
0.00657360162553
0.0212860167468
0.0163768031833
0.755273259647
0.00701776639674
0.019740115081
0.368604512027
0.0133294846917
0.0108557038626
0.00507804514662
0.0454262344103
0.0299617719955
0.0248525017751
0.00889123303978
0.00739107621397
0.0
0.0201921585788
0.0154949187979
0.0657818588751
0.0124856559449
0.00634857512702
0.213425943033
0.0131081005744
0.00736952767633
0.0083591215866
19.7448764153
0.0150380885197
0.00645870736616
0.0443655445072
1.18542256777
0.0515026396925
0.0170054498334
0.0238178136414
0.0246046851786
0.023769695602
0.00952198704607
0.00181121624849
0.00544005515703
0.0072197035126
0.0
0.0457877797001
0.0623865565708
0.0340356280849
0.0209252326683
0.0195771782231
0.0307954319187
0.0256802611815
0.016252129247
0.0165709836666
0.0742531392642
0.00763902845561
0.00971525981567
0.0122901772571
0.00657360162553
0.0212860167468
0.0163768031833
0.755273259647
0.00701776639674
0.019740115081
0.368604512027
0.0133294846917
0.0108557038626
0.00507804514662
0.0454262344103
0.0299617719955
0.0248525017751
0.00889123303978
0.00739107621397
0.0
0.0201921585788
0.0154949187979
0.0657818588751
0.0124856559449
0.00634857512702
0.213425943033
0.0131081005744
0.00736952767633
0.0083591215866
19.7448764153
0.0150380885197
0.00645870736616
0.0443655445072
1.18542256777
0.0515026396925
0.0170054498334
0.0238178136414
0.0246046851786
0.023769695602
0.00952198704607
0.00181121624849
0.00544005515703
0.0072197035126
0.0
0.0457877797001
0.0623865565708
0.0340356280849
0.0209252326683
0.0195771782231
0.0307954319187
0.0256802611815
0.016252129247
0.0165709836666
0.0742531392642
0.00763902845561
0.00971525981567
0.0122901772571
0.00657360162553
0.0212860167468
0.0163768031833
0.755273259647
0.00701776639674
0.019740115081
0.368604512027
0.0133294846917
0.0108557038626
0.00507804514662
0.0454262344103
0.0299617719955
0.0248525017751
0.00889123303978
0.00739107621397
0.0
0.0201921585788
0.0154949187979
0.0657818588751
0.0124856559449
0.00634857512702
0.213425943033
0.0131081005744
0.00736952767633
0.0083591215866
19.7448764153
0.0150380885197
0.00645870736616
0.0443655445072
1.18542256777
0.0515026396925
0.0170054498334
0.0238178136414
0.0246046851786
0.023769695602
0.00952198704607
0.00181121624849
0.00544005515703
0.0072197035126
0.0
0.0457877797001
0.0623865565708
0.0340356280849
0.0209252326683
0.0195771782231
0.0307954319187
0.0256802611815
0.016252129247
0.0165709836666
0.0742531392642
0.00763902845561
0.00971525981567
0.0122901772571
0.00657360162553
0.0212860167468
0.0163768031833
0.755273259647
0.00701776639674
0.019740115081
0.368604512027
0.0133294846917
0.0108557038626
0.00507804514662
0.0454262344103
0.0299617719955
0.0248525017751
0.00889123303978
0.00739107621397
0.0
0.0201921585788
0.0154949187979
0.0657818588751
0.0124856559449
0.00634857512702
0.213425943033
0.0131081005744
0.00736952767633
0.0083591215866
19.7448764153
0.0150380885197
0.00645870736616
0.0443655445072
1.18542256777
0.0515026396925
0.0170054498334
0.0238178136414
0.0246046851786
0.023769695602
0.00952198704607
0.00181121624849
0.00544005515703
0.0072197035126
0.0
0.0457877797001
0.0623865565708
0.0340356280849
0.0209252326683
0.0195771782231
0.0307954319187
0.0256802611815
0.016252129247
0.0165709836666
0.0742531392642
0.00763902845561
0.00971525981567
0.0122901772571
0.00657360162553
0.0212860167468
0.0163768031833
0.755273259647
0.00701776639674
0.019740115081
0.368604512027
0.0133294846917
0.0108557038626
0.00507804514662
0.0454262344103
0.0299617719955
0.0248525017751
0.00889123303978
0.00739107621397
0.0
0.0201921585788
0.0154949187979
0.0657818588751
0.0124856559449
0.00634857512702
0.213425943033
0.0131081005744
0.00736952767633
0.0083591215866
19.7448764153
0.0150380885197
0.00645870736616
0.0443655445072
1.18542256777
0.0515026396925
0.0170054498334
0.0238178136414
0.0246046851786
0.023769695602
0.00952198704607
0.00181121624849
0.00544005515703
0.0072197035126
0.0
0.0457877797001
0.0623865565708
0.0340356280849
0.0209252326683
0.0195771782231
0.0307954319187
0.0256802611815
0.016252129247
0.0165709836666
0.0742531392642
0.00763902845561
0.00971525981567
0.0122901772571
0.00657360162553
0.0212860167468
0.0163768031833
0.755273259647
0.00701776639674
0.019740115081
0.368604512027
0.0133294846917
0.0108557038626
0.00507804514662
0.0454262344103
0.0299617719955
0.0248525017751
0.00889123303978
0.00739107621397
0.0
0.0201921585788
0.0154949187979
0.0657818588751
0.0124856559449
0.00634857512702
0.213425943033
0.0131081005744
0.00736952767633
0.0083591215866
19.7448764153
0.0150380885197
0.00645870736616
0.0443655445072
1.18542256777
0.0515026396925
0.0170054498334
0.0238178136414
0.0246046851786
0.023769695602
0.00952198704607
0.00181121624849
0.00544005515703
0.0072197035126
0.0
0.0457877797001
0.0623865565708
0.0340356280849
0.0209252326683
0.0195771782231
0.0307954319187
0.0256802611815
0.016252129247
0.0165709836666
0.0742531392642
0.00763902845561
0.00971525981567
0.0122901772571
0.00657360162553
0.0212860167468
0.0163768031833
0.755273259647
0.00701776639674
0.019740115081
0.368604512027
0.0133294846917
0.0108557038626
0.00507804514662
0.0454262344103
0.0299617719955
0.0248525017751
0.00889123303978
0.00739107621397
0.0
0.0201921585788
0.0154949187979
0.0657818588751
0.0124856559449
0.00634857512702
0.213425943033
0.0131081005744
0.00736952767633
0.0083591215866
19.7448764153
0.0150380885197
0.00645870736616
0.0443655445072
1.18542256777
0.0515026396925
0.0170054498334
0.0238178136414
0.0246046851786
0.023769695602
0.00952198704607
0.00181121624849
0.00544005515703
0.0072197035126
0.0
0.0457877797001
0.0623865565708
0.0340356280849
0.0209252326683
0.0195771782231
0.0307954319187
0.0256802611815
0.016252129247
0.0165709836666
0.0742531392642
0.00763902845561
0.00971525981567
0.0122901772571
0.00657360162553
0.0212860167468
0.0163768031833
0.755273259647
0.00701776639674
0.019740115081
0.368604512027
0.0133294846917
0.0108557038626
0.00507804514662
0.0454262344103
0.0299617719955
0.0248525017751
0.00889123303978
0.00739107621397
0.0
0.0201921585788
0.0154949187979
0.0657818588751
0.0124856559449
0.00634857512702
0.213425943033
0.0131081005744
0.00736952767633
0.0083591215866
19.7448764153
0.0150380885197
0.00645870736616
0.0443655445072
1.18542256777
0.0515026396925
0.0170054498334
0.0238178136414
0.0246046851786
0.023769695602
0.00952198704607
0.00181121624849
0.00544005515703
0.0072197035126
0.0
0.0457877797001
0.0623865565708
0.0340356280849
0.0209252326683
0.0195771782231
0.0307954319187
0.0256802611815
0.016252129247
0.0165709836666
0.0742531392642
0.00763902845561
0.00971525981567
0.0122901772571
0.00657360162553
0.0212860167468
0.0163768031833
0.755273259647
0.00701776639674
0.019740115081
0.368604512027
0.0133294846917
0.0108557038626
0.00507804514662
0.0454262344103
0.0299617719955
0.0248525017751
0.00889123303978
0.00739107621397
0.0
0.0201921585788
0.0154949187979
0.0657818588751
0.0124856559449
0.00634857512702
0.213425943033
0.0131081005744
0.00736952767633
0.0083591215866
19.7448764153
0.0150380885197
0.00645870736616
0.0443655445072
1.18542256777
0.0515026396925
0.0170054498334
0.0238178136414
0.0246046851786
0.023769695602
0.00952198704607
0.00181121624849
0.00544005515703
0.0072197035126
0.0
0.0457877797001
0.0623865565708
0.0340356280849
0.0209252326683
0.0195771782231
0.0307954319187
0.0256802611815
0.016252129247
0.0165709836666
0.0742531392642
0.00763902845561
0.00971525981567
0.0122901772571
0.00657360162553
0.0212860167468
0.0163768031833
0.755273259647
0.00701776639674
0.019740115081
0.368604512027
0.0133294846917
0.0108557038626
0.00507804514662
0.0454262344103
0.0299617719955
0.0248525017751
0.00889123303978
0.00739107621397
0.0
0.0201921585788
0.0154949187979
0.0657818588751
0.0124856559449
0.00634857512702
0.213425943033
0.0131081005744
0.00736952767633
0.0083591215866
19.7448764153
0.0150380885197
0.00645870736616
0.0443655445072
1.18542256777
0.0515026396925
0.0170054498334
0.0238178136414
0.0246046851786
0.023769695602
0.00952198704607
0.00181121624849
0.00544005515703
0.0072197035126
0.0
0.0457877797001
0.0623865565708
0.0340356280849
0.0209252326683
0.0195771782231
0.0307954319187
0.028128036737
0.0201467551321
0.0224304044241
0.092274111828
0.0115092812615
0.0106013920877
0.0146618573591
0.00861606108498
0.0253112207841
0.0243357758276
0.96324677813
0.00826289690055
0.0273813671057
0.495905570857
0.0182409849008
0.0153316264081
0.00606424400183
0.0532597597112
0.0392508944884
0.0356858469347
0.0125929439225
0.00965524075538
0.0
0.0264270712003
0.0215555741175
0.0844966110552
0.0155907782536
0.00726712470354
0.278275617875
0.0158114886795
0.00862288125264
0.010193613347
25.20928566
0.0137544032268
0.00791035562025
0.0582121665648
1.5271595386
0.0720097529225
0.0235416120351
0.0264838471416
0.0302113516814
0.0331031009287
0.0115109636967
0.00210950100449
0.00819610103066
0.00965349950561
0.0
0.063608346241
0.0938679871699
0.0318070776267
0.0275146672483
0.0278788442679
0.0427345626405
0.0303845174336
0.0163335181481
0.0173845361769
0.0645624525299
0.0145286236986
0.0120441787297
0.026786451182
0.00711368369989
0.014507729872
0.0249929478236
0.702123427819
0.00957411329891
0.0253242109756
0.448068170874
0.014950992769
0.016983070147
0.00619466850345
0.0502883867555
0.0222466084783
0.0451133529
0.0171663927551
0.0173108827307
0.0
0.0251490309151
0.0289403541383
0.123977534856
0.0178888893038
0.00545061137821
0.243813689418
0.0183013927143
0.00991519915142
0.0106891527377
17.3522424791
0.0156305511642
0.00942170124272
0.0375725898273
1.26139505045
0.074546279116
0.0224893426089
0.048536736259
0.034586633701
0.0355835559499
0.0179820915065
0.00231448301995
0.00752769887819
0.00897431461493
0.0
0.0541497755894
0.0744995195538
0.0388078323928
0.0280435374371
0.0293904558945
0.16675248822
0.0224893426089
0.0303845174336
0.0163335181481
0.448068170874
0.0289403541383
0.0744995195538
0.0224893426089
0.0303845174336
0.0163335181481
0.448068170874
0.0289403541383
0.0744995195538
0.034586633701
0.0106891527377
0.0355835559499
0.0173845361769
0.0179820915065
0.014950992769
0.00942170124272
0.0645624525299
0.00752769887819
0.00897431461493
0.00991519915142
0.0120441787297
0.0183013927143
0.0541497755894
0.0156305511642
0.026786451182
0.016983070147
0.0502883867555
0.0375725898273
0.014507729872
17.3522424791
0.0222466084783
0.0249929478236
1.26139505045
0.0171663927551
0.0173108827307
0.0280435374371
0.00545061137821
0.00231448301995
0.074546279116
0.0253242109756
0.0293904558945
0.16675248822
0.0251490309151
0.0224893426089
0.0303845174336
0.0163335181481
0.448068170874
0.0289403541383
0.0744995195538
0.034586633701
0.0106891527377
0.0355835559499
0.0173845361769
0.0179820915065
0.014950992769
0.00942170124272
0.0645624525299
0.00752769887819
0.00897431461493
0.00991519915142
0.0120441787297
0.0183013927143
0.0541497755894
0.0156305511642
0.026786451182
0.016983070147
0.0502883867555
0.0375725898273
0.014507729872
17.3522424791
0.0222466084783
0.0249929478236
1.26139505045
0.0171663927551
0.0173108827307
0.0280435374371
0.00545061137821
0.00231448301995
0.074546279116
0.0253242109756
0.0293904558945
0.16675248822
0.0251490309151
0.0224893426089
0.0303845174336
0.0163335181481
0.448068170874
0.0289403541383
0.0744995195538
0.034586633701
0.0106891527377
0.0355835559499
0.0173845361769
0.0179820915065
0.014950992769
0.00942170124272
0.0645624525299
0.00752769887819
0.00897431461493
0.00991519915142
0.0120441787297
0.0183013927143
0.0541497755894
0.0156305511642
0.026786451182
0.016983070147
0.0502883867555
0.0375725898273
0.014507729872
17.3522424791
0.0222466084783
0.0249929478236
1.26139505045
0.0171663927551
0.0173108827307
0.0280435374371
0.00545061137821
0.00231448301995
0.074546279116
0.0253242109756
0.0293904558945
0.16675248822
0.0251490309151
0.0224893426089
0.0303845174336
0.0163335181481
0.448068170874
0.0289403541383
0.0744995195538
0.034586633701
0.0106891527377
0.0355835559499
0.0173845361769
0.0179820915065
0.014950992769
0.00942170124272
0.0645624525299
0.00752769887819
0.00897431461493
0.00991519915142
0.0120441787297
0.0183013927143
0.0541497755894
0.0156305511642
0.026786451182
0.016983070147
0.0502883867555
0.0375725898273
0.014507729872
17.3522424791
0.0222466084783
0.0249929478236
1.26139505045
0.0171663927551
0.0173108827307
0.0280435374371
0.00545061137821
0.00231448301995
0.074546279116
0.0253242109756
0.0293904558945
0.16675248822
0.0251490309151
0.0224893426089
0.0303845174336
0.0163335181481
0.448068170874
0.0289403541383
0.0744995195538
0.034586633701
0.0106891527377
0.0355835559499
0.0173845361769
0.0179820915065
0.014950992769
0.00942170124272
0.0645624525299
0.00752769887819
0.00897431461493
0.00991519915142
0.0120441787297
0.0183013927143
0.0541497755894
0.0156305511642
0.026786451182
0.016983070147
0.0502883867555
0.0375725898273
0.014507729872
17.3522424791
0.0222466084783
0.0249929478236
1.26139505045
0.0171663927551
0.0173108827307
0.0280435374371
0.00545061137821
0.00231448301995
0.074546279116
0.0253242109756
0.0293904558945
0.16675248822
0.0251490309151
0.0170054498334
0.0256802611815
0.016252129247
0.368604512027
0.0154949187979
0.0623865565708
0.0246046851786
0.0083591215866
0.023769695602
0.0165709836666
0.00952198704607
0.0133294846917
0.00645870736616
0.0742531392642
0.00544005515703
0.0072197035126
0.00736952767633
0.00971525981567
0.0131081005744
0.0457877797001
0.0150380885197
0.0122901772571
0.0108557038626
0.0454262344103
0.0443655445072
0.0212860167468
19.7448764153
0.0299617719955
0.0163768031833
1.18542256777
0.00889123303978
0.00739107621397
0.0209252326683
0.00634857512702
0.00181121624849
0.0515026396925
0.019740115081
0.0195771782231
0.0307954319187
0.0201921585788
0.0170054498334
0.0256802611815
0.016252129247
0.368604512027
0.0154949187979
0.0623865565708
0.22066372394
0.0246046851786
0.0083591215866
0.00736952767633
0.0165709836666
0.00952198704607
0.0133294846917
0.023769695602
0.0742531392642
0.00544005515703
0.0072197035126
0.134747090229
0.00971525981567
0.0131081005744
0.0457877797001
0.0150380885197
0.0122901772571
0.0108557038626
0.0454262344103
0.0443655445072
0.0212860167468
19.7448764153
0.0299617719955
0.0163768031833
1.18542256777
0.00889123303978
0.00739107621397
0.0209252326683
0.00634857512702
0.00645870736616
0.00181121624849
0.0515026396925
0.019740115081
0.0195771782231
0.0307954319187
0.0201921585788
0.0235416120351
0.028128036737
0.0201467551321
0.495905570857
0.0215555741175
0.0938679871699
0.286888908323
0.0302113516814
0.010193613347
0.00862288125264
0.0224304044241
0.0115109636967
0.0182409849008
0.0331031009287
0.092274111828
0.00819610103066
0.00965349950561
0.136893680898
0.0106013920877
0.0158114886795
0.063608346241
0.0137544032268
0.0146618573591
0.0153316264081
0.0532597597112
0.0582121665648
0.0253112207841
25.20928566
0.0392508944884
0.0243357758276
1.5271595386
0.0125929439225
0.00965524075538
0.0275146672483
0.00726712470354
0.00791035562025
0.00210950100449
0.0720097529225
0.0273813671057
0.0278788442679
0.0427345626405
0.0264270712003
0.0235416120351
0.028128036737
0.0201467551321
0.495905570857
0.0215555741175
0.0938679871699
0.286888908323
0.0302113516814
0.010193613347
0.00862288125264
0.0224304044241
0.0115109636967
0.0182409849008
0.0331031009287
0.092274111828
0.00819610103066
0.00965349950561
0.136893680898
0.0106013920877
0.0158114886795
0.063608346241
0.0137544032268
0.0146618573591
0.0153316264081
0.0532597597112
0.0582121665648
0.0253112207841
25.20928566
0.0392508944884
0.0243357758276
1.5271595386
0.0125929439225
0.00965524075538
0.0275146672483
0.00726712470354
0.00791035562025
0.00210950100449
0.0720097529225
0.0273813671057
0.0278788442679
0.0427345626405
0.0264270712003
0.0224893426089
0.0303845174336
0.0163335181481
0.448068170874
0.0289403541383
0.0744995195538
0.034586633701
0.0106891527377
0.0355835559499
0.0173845361769
0.0179820915065
0.014950992769
0.00942170124272
0.0645624525299
0.00752769887819
0.00897431461493
0.00991519915142
0.0120441787297
0.0183013927143
0.0541497755894
0.0156305511642
0.026786451182
0.016983070147
0.0502883867555
0.0375725898273
0.014507729872
17.3522424791
0.0222466084783
0.0249929478236
1.26139505045
0.0171663927551
0.0173108827307
0.0280435374371
0.00545061137821
0.00231448301995
0.074546279116
0.0253242109756
0.0293904558945
0.16675248822
0.0251490309151
0.0224893426089
0.0303845174336
0.0163335181481
0.448068170874
0.0289403541383
0.0744995195538
0.034586633701
0.0106891527377
0.0355835559499
0.0173845361769
0.0179820915065
0.014950992769
0.00942170124272
0.0645624525299
0.00752769887819
0.00897431461493
0.00991519915142
0.0120441787297
0.0183013927143
0.0541497755894
0.0156305511642
0.026786451182
0.016983070147
0.0502883867555
0.0375725898273
0.014507729872
17.3522424791
0.0222466084783
0.0249929478236
1.26139505045
0.0171663927551
0.0173108827307
0.0280435374371
0.00545061137821
0.00231448301995
0.074546279116
0.0253242109756
0.0293904558945
0.16675248822
0.0251490309151
0.0224893426089
0.0303845174336
0.0163335181481
0.448068170874
0.0289403541383
0.0744995195538
0.034586633701
0.0106891527377
0.0355835559499
0.0173845361769
0.0179820915065
0.014950992769
0.00942170124272
0.0645624525299
0.00752769887819
0.00897431461493
0.00991519915142
0.0120441787297
0.0183013927143
0.0541497755894
0.0156305511642
0.026786451182
0.016983070147
0.0502883867555
0.0375725898273
0.014507729872
17.3522424791
0.0222466084783
0.0249929478236
1.26139505045
0.0171663927551
0.0173108827307
0.0280435374371
0.00545061137821
0.00231448301995
0.074546279116
0.0253242109756
0.0293904558945
0.16675248822
0.0251490309151
0.0224893426089
0.0303845174336
0.0163335181481
0.448068170874
0.0289403541383
0.0744995195538
0.034586633701
0.0106891527377
0.0355835559499
0.0173845361769
0.0179820915065
0.014950992769
0.00942170124272
0.0645624525299
0.00752769887819
0.00897431461493
0.00991519915142
0.0120441787297
0.0183013927143
0.0541497755894
0.0156305511642
0.026786451182
0.016983070147
0.0502883867555
0.0375725898273
0.014507729872
17.3522424791
0.0222466084783
0.0249929478236
1.26139505045
0.0171663927551
0.0173108827307
0.0280435374371
0.00545061137821
0.00231448301995
0.074546279116
0.0253242109756
0.0293904558945
0.16675248822
0.0251490309151
0.0224893426089
0.0303845174336
0.0163335181481
0.448068170874
0.0289403541383
0.0744995195538
0.034586633701
0.0106891527377
0.0355835559499
0.0173845361769
0.0179820915065
0.014950992769
0.00942170124272
0.0645624525299
0.00752769887819
0.00897431461493
0.00991519915142
0.0120441787297
0.0183013927143
0.0541497755894
0.0156305511642
0.026786451182
0.016983070147
0.0502883867555
0.0375725898273
0.014507729872
17.3522424791
0.0222466084783
0.0249929478236
1.26139505045
0.0171663927551
0.0173108827307
0.0280435374371
0.00545061137821
0.00231448301995
0.074546279116
0.0253242109756
0.0293904558945
0.16675248822
0.0251490309151
0.0235416120351
0.028128036737
0.0201467551321
0.495905570857
0.0215555741175
0.0938679871699
0.0302113516814
0.010193613347
0.0331031009287
0.0224304044241
0.0115109636967
0.0182409849008
0.00791035562025
0.092274111828
0.00819610103066
0.00965349950561
0.00862288125264
0.0106013920877
0.0158114886795
0.063608346241
0.0137544032268
0.0146618573591
0.0153316264081
0.0532597597112
0.0582121665648
0.0253112207841
25.20928566
0.0392508944884
0.0243357758276
1.5271595386
0.0125929439225
0.00965524075538
0.0275146672483
0.00726712470354
0.00210950100449
0.0720097529225
0.0273813671057
0.0278788442679
0.0427345626405
0.0264270712003
0.0170054498334
0.0256802611815
0.016252129247
0.368604512027
0.0154949187979
0.0623865565708
0.0246046851786
0.0083591215866
0.023769695602
0.0165709836666
0.00952198704607
0.0133294846917
0.00645870736616
0.0742531392642
0.00544005515703
0.0072197035126
0.00736952767633
0.00971525981567
0.0131081005744
0.0457877797001
0.0150380885197
0.0122901772571
0.0108557038626
0.0454262344103
0.0443655445072
0.0212860167468
19.7448764153
0.0299617719955
0.0163768031833
1.18542256777
0.00889123303978
0.00739107621397
0.0209252326683
0.00634857512702
0.00181121624849
0.0515026396925
0.019740115081
0.0195771782231
0.0307954319187
0.0201921585788
