0.0167306812655
0.0140862306239
0.00785962103122
0.00913917487109
0.00808103744716
0.0140862306239
0.00779242341665
0.00760185672084
0.00785962103122
0.00913917487109
0.00808103744716
0.0140862306239
0.00779242341665
0.00760185672084
0.00785962103122
0.00913917487109
0.00808103744716
0.0140862306239
0.00779242341665
0.00760185672084
0.00785962103122
0.00913917487109
0.00808103744716
0.0140862306239
0.00779242341665
0.00760185672084
0.00785962103122
0.00913917487109
0.00808103744716
0.0140862306239
0.00779242341665
0.00760185672084
0.00785962103122
0.00913917487109
0.00808103744716
0.0140862306239
0.00779242341665
0.00760185672084
0.0195381945138
0.0220382155336
0.018876352474
0.0442336979454
0.0192522918602
0.0171593813416
0.0195381945138
0.0220382155336
0.018876352474
0.0442336979454
0.0192522918602
0.0171593813416
0.0195381945138
0.0220382155336
0.018876352474
0.0442336979454
0.0192522918602
0.0171593813416
0.0195381945138
0.0220382155336
0.018876352474
0.0442336979454
0.0192522918602
0.0171593813416
0.00608320530108
0.00577298395991
0.00683560936666
0.0058269231923
0.0068468086901
0.00674352325108
0.0040027887406
0.00250832442558
0.00985180435244
0.0542630060454
0.0107505016747
0.00618100868571
0.0152571255225
0.00588578002968
0.00691515347927
0.0118303144102
0.00825096410892
0.0071066735463
0.0222891861533
0.00712702877509
0.0177563673096
0.0
0.000928677442934
0.0188838803958
1.25437056724
0.00234088333927
0.00265960574131
0.0195112408396
0.00539885078175
0.0352804487945
0.00339121956483
0.0563337380706
0.0195440039361
0.00395607877722
0.00693453052988
0.0961450298077
0.0128478256294
0.00332587198287
0.00681784068411
0.00741096483782
0.0203135174037
0.00587158458338
0.000558543785917
0.00259385987429
0.00423591413861
0.0
0.0076701272761
0.00611264343275
0.00758818097402
0.00488975922859
0.0100927680604
0.0174928405973
0.00608320530108
0.00577298395991
0.00683560936666
0.0058269231923
0.0068468086901
0.00674352325108
0.0040027887406
0.00250832442558
0.00985180435244
0.0542630060454
0.0107505016747
0.00618100868571
0.0152571255225
0.00588578002968
0.00691515347927
0.0118303144102
0.00825096410892
0.0071066735463
0.0222891861533
0.00712702877509
0.0177563673096
0.0
0.000928677442934
0.0188838803958
1.25437056724
0.00234088333927
0.00265960574131
0.0195112408396
0.00539885078175
0.0352804487945
0.00339121956483
0.0563337380706
0.0195440039361
0.00395607877722
0.00693453052988
0.0961450298077
0.0128478256294
0.00332587198287
0.00681784068411
0.00741096483782
0.0203135174037
0.00587158458338
0.000558543785917
0.00259385987429
0.00423591413861
0.0
0.0076701272761
0.00611264343275
0.00758818097402
0.00488975922859
0.0100927680604
0.0174928405973
0.00608320530108
0.00577298395991
0.00683560936666
0.0058269231923
0.0068468086901
0.00674352325108
0.0040027887406
0.00250832442558
0.00985180435244
0.0542630060454
0.0107505016747
0.00618100868571
0.0152571255225
0.00588578002968
0.00691515347927
0.0118303144102
0.00825096410892
0.0071066735463
0.0222891861533
0.00712702877509
0.0177563673096
0.0
0.000928677442934
0.0188838803958
1.25437056724
0.00234088333927
0.00265960574131
0.0195112408396
0.00539885078175
0.0352804487945
0.00339121956483
0.0563337380706
0.0195440039361
0.00395607877722
0.00693453052988
0.0961450298077
0.0128478256294
0.00332587198287
0.00681784068411
0.00741096483782
0.0203135174037
0.00587158458338
0.000558543785917
0.00259385987429
0.00423591413861
0.0
0.0076701272761
0.00611264343275
0.00758818097402
0.00488975922859
0.0100927680604
0.0174928405973
0.00608320530108
0.00577298395991
0.00683560936666
0.0058269231923
0.0068468086901
0.00674352325108
0.0040027887406
0.00250832442558
0.00985180435244
0.0542630060454
0.0107505016747
0.00618100868571
0.0152571255225
0.00588578002968
0.00691515347927
0.0118303144102
0.00825096410892
0.0071066735463
0.0222891861533
0.00712702877509
0.0177563673096
0.0
0.000928677442934
0.0188838803958
1.25437056724
0.00234088333927
0.00265960574131
0.0195112408396
0.00539885078175
0.0352804487945
0.00339121956483
0.0563337380706
0.0195440039361
0.00395607877722
0.00693453052988
0.0961450298077
0.0128478256294
0.00332587198287
0.00681784068411
0.00741096483782
0.0203135174037
0.00587158458338
0.000558543785917
0.00259385987429
0.00423591413861
0.0
0.0076701272761
0.00611264343275
0.00758818097402
0.00488975922859
0.0100927680604
0.0174928405973
0.00608320530108
0.00577298395991
0.00683560936666
0.0058269231923
0.0068468086901
0.00674352325108
0.0040027887406
0.00250832442558
0.00985180435244
0.0542630060454
0.0107505016747
0.00618100868571
0.0152571255225
0.00588578002968
0.00691515347927
0.0118303144102
0.00825096410892
0.0071066735463
0.0222891861533
0.00712702877509
0.0177563673096
0.0
0.000928677442934
0.0188838803958
1.25437056724
0.00234088333927
0.00265960574131
0.0195112408396
0.00539885078175
0.0352804487945
0.00339121956483
0.0563337380706
0.0195440039361
0.00395607877722
0.00693453052988
0.0961450298077
0.0128478256294
0.00332587198287
0.00681784068411
0.00741096483782
0.0203135174037
0.00587158458338
0.000558543785917
0.00259385987429
0.00423591413861
0.0
0.0076701272761
0.00611264343275
0.00758818097402
0.00488975922859
0.0100927680604
0.0174928405973
0.00608320530108
0.00577298395991
0.00683560936666
0.0058269231923
0.0068468086901
0.00674352325108
0.0040027887406
0.00250832442558
0.00985180435244
0.0542630060454
0.0107505016747
0.00618100868571
0.0152571255225
0.00588578002968
0.00691515347927
0.0118303144102
0.00825096410892
0.0071066735463
0.0222891861533
0.00712702877509
0.0177563673096
0.0
0.000928677442934
0.0188838803958
1.25437056724
0.00234088333927
0.00265960574131
0.0195112408396
0.00539885078175
0.0352804487945
0.00339121956483
0.0563337380706
0.0195440039361
0.00395607877722
0.00693453052988
0.0961450298077
0.0128478256294
0.00332587198287
0.00681784068411
0.00741096483782
0.0203135174037
0.00587158458338
0.000558543785917
0.00259385987429
0.00423591413861
0.0
0.0076701272761
0.00611264343275
0.00758818097402
0.00488975922859
0.0100927680604
0.0174928405973
0.00608320530108
0.00577298395991
0.00683560936666
0.0058269231923
0.0068468086901
0.00674352325108
0.0040027887406
0.00250832442558
0.00985180435244
0.0542630060454
0.0107505016747
0.00618100868571
0.0152571255225
0.00588578002968
0.00691515347927
0.0118303144102
0.00825096410892
0.0071066735463
0.0222891861533
0.00712702877509
0.0177563673096
0.0
0.000928677442934
0.0188838803958
1.25437056724
0.00234088333927
0.00265960574131
0.0195112408396
0.00539885078175
0.0352804487945
0.00339121956483
0.0563337380706
0.0195440039361
0.00395607877722
0.00693453052988
0.0961450298077
0.0128478256294
0.00332587198287
0.00681784068411
0.00741096483782
0.0203135174037
0.00587158458338
0.000558543785917
0.00259385987429
0.00423591413861
0.0
0.0076701272761
0.00611264343275
0.00758818097402
0.00488975922859
0.0100927680604
0.0174928405973
0.00608320530108
0.00577298395991
0.00683560936666
0.0058269231923
0.0068468086901
0.00674352325108
0.0040027887406
0.00250832442558
0.00985180435244
0.0542630060454
0.0107505016747
0.00618100868571
0.0152571255225
0.00588578002968
0.00691515347927
0.0118303144102
0.00825096410892
0.0071066735463
0.0222891861533
0.00712702877509
0.0177563673096
0.0
0.000928677442934
0.0188838803958
1.25437056724
0.00234088333927
0.00265960574131
0.0195112408396
0.00539885078175
0.0352804487945
0.00339121956483
0.0563337380706
0.0195440039361
0.00395607877722
0.00693453052988
0.0961450298077
0.0128478256294
0.00332587198287
0.00681784068411
0.00741096483782
0.0203135174037
0.00587158458338
0.000558543785917
0.00259385987429
0.00423591413861
0.0
0.0076701272761
0.00611264343275
0.00758818097402
0.00488975922859
0.0100927680604
0.0174928405973
0.00608320530108
0.00577298395991
0.00683560936666
0.0058269231923
0.0068468086901
0.00674352325108
0.0040027887406
0.00250832442558
0.00985180435244
0.0542630060454
0.0107505016747
0.00618100868571
0.0152571255225
0.00588578002968
0.00691515347927
0.0118303144102
0.00825096410892
0.0071066735463
0.0222891861533
0.00712702877509
0.0177563673096
0.0
0.000928677442934
0.0188838803958
1.25437056724
0.00234088333927
0.00265960574131
0.0195112408396
0.00539885078175
0.0352804487945
0.00339121956483
0.0563337380706
0.0195440039361
0.00395607877722
0.00693453052988
0.0961450298077
0.0128478256294
0.00332587198287
0.00681784068411
0.00741096483782
0.0203135174037
0.00587158458338
0.000558543785917
0.00259385987429
0.00423591413861
0.0
0.0076701272761
0.00611264343275
0.00758818097402
0.00488975922859
0.0100927680604
0.0174928405973
0.00608320530108
0.00577298395991
0.00683560936666
0.0058269231923
0.0068468086901
0.00674352325108
0.0040027887406
0.00250832442558
0.00985180435244
0.0542630060454
0.0107505016747
0.00618100868571
0.0152571255225
0.00588578002968
0.00691515347927
0.0118303144102
0.00825096410892
0.0071066735463
0.0222891861533
0.00712702877509
0.0177563673096
0.0
0.000928677442934
0.0188838803958
1.25437056724
0.00234088333927
0.00265960574131
0.0195112408396
0.00539885078175
0.0352804487945
0.00339121956483
0.0563337380706
0.0195440039361
0.00395607877722
0.00693453052988
0.0961450298077
0.0128478256294
0.00332587198287
0.00681784068411
0.00741096483782
0.0203135174037
0.00587158458338
0.000558543785917
0.00259385987429
0.00423591413861
0.0
0.0076701272761
0.00611264343275
0.00758818097402
0.00488975922859
0.0100927680604
0.0174928405973
0.00608320530108
0.00577298395991
0.00683560936666
0.0058269231923
0.0068468086901
0.00674352325108
0.0040027887406
0.00250832442558
0.00985180435244
0.0542630060454
0.0107505016747
0.00618100868571
0.0152571255225
0.00588578002968
0.00691515347927
0.0118303144102
0.00825096410892
0.0071066735463
0.0222891861533
0.00712702877509
0.0177563673096
0.0
0.000928677442934
0.0188838803958
1.25437056724
0.00234088333927
0.00265960574131
0.0195112408396
0.00539885078175
0.0352804487945
0.00339121956483
0.0563337380706
0.0195440039361
0.00395607877722
0.00693453052988
0.0961450298077
0.0128478256294
0.00332587198287
0.00681784068411
0.00741096483782
0.0203135174037
0.00587158458338
0.000558543785917
0.00259385987429
0.00423591413861
0.0
0.0076701272761
0.00611264343275
0.00758818097402
0.00488975922859
0.0100927680604
0.0174928405973
0.0132067691491
0.0124638736021
0.0177216895019
0.0160574272123
0.0228301594923
0.0117357971316
0.00959220472588
0.00544457099599
0.0242467400297
0.172250958467
0.0419464571979
0.022625690803
0.0635887425562
0.0159853403413
0.010546095284
0.0270872964631
0.0371540908409
0.0221320183445
0.0774636420687
0.0234148489739
0.050190278664
0.0
0.00367856785616
0.0481249032772
2.46753339402
0.00648445249132
0.0198092825677
0.0841739831235
0.0148709230611
0.0343365537778
0.0122241058105
0.499123447212
0.0241397413321
0.011132266382
0.0282725027439
0.238826749561
0.0670054237074
0.0174430065299
0.00334486147858
0.040259308202
0.0739902264341
0.0207318406302
0.000965738453136
0.0123952570136
0.011393491815
0.0
0.0242556037022
0.0425442908847
0.0322653937395
0.0213478465859
0.0298222166373
0.0409662694525
0.0138909883214
0.0160135079443
0.0267057534529
0.0156656575405
0.018419893278
0.012551283028
0.012398117766
0.00457664050935
0.0274696734129
0.167784846149
0.0380778311023
0.02784882037
0.0679553873687
0.022522201217
0.0146454144099
0.0230383405493
0.0226021886773
0.0237823962092
0.0791010569934
0.022895888555
0.0477069289922
0.0
0.00529697608503
0.0453480735563
2.46144974718
0.00661036404531
0.0137374021208
0.0810746117001
0.0112941570319
0.0397792659867
0.00892965532369
0.278264964787
0.021738790115
0.00907164181674
0.0246531459987
0.331764993674
0.0613796993079
0.0170392704755
0.00972808263417
0.0255886290381
0.0668407926589
0.0130426386498
0.0012727119135
0.0161771734619
0.0106206080735
0.0
0.0371615768999
0.0488949730439
0.0402233546678
0.0200384248064
0.0252374932664
0.068555726791
0.0132067691491
0.0124638736021
0.0177216895019
0.0160574272123
0.0228301594923
0.0117357971316
0.00959220472588
0.00544457099599
0.01813905089
0.0242467400297
0.172250958467
0.0419464571979
0.022625690803
0.0635887425562
0.0159853403413
0.010546095284
0.0270872964631
0.0371540908409
0.0221320183445
0.0774636420687
0.0234148489739
0.050190278664
0.0
0.00367856785616
0.0481249032772
2.46753339402
0.00648445249132
0.0198092825677
0.0841739831235
0.0148709230611
0.0343365537778
0.0122241058105
0.499123447212
0.0241397413321
0.011132266382
0.0282725027439
0.238826749561
0.0670054237074
0.0174430065299
0.00334486147858
0.040259308202
0.0739902264341
0.0207318406302
0.000965738453136
0.0123952570136
0.011393491815
0.0
0.0242556037022
0.0425442908847
0.0322653937395
0.0213478465859
0.0298222166373
0.0409662694525
0.0138909883214
0.0160135079443
0.0267057534529
0.0156656575405
0.018419893278
0.012551283028
0.012398117766
0.00457664050935
0.0106260304033
0.0274696734129
0.167784846149
0.0380778311023
0.02784882037
0.0679553873687
0.022522201217
0.0146454144099
0.0230383405493
0.0226021886773
0.0237823962092
0.0791010569934
0.022895888555
0.0477069289922
0.0
0.00529697608503
0.0453480735563
2.46144974718
0.00661036404531
0.0137374021208
0.0810746117001
0.0112941570319
0.0397792659867
0.00892965532369
0.278264964787
0.021738790115
0.00907164181674
0.0246531459987
0.331764993674
0.0613796993079
0.0170392704755
0.00972808263417
0.0255886290381
0.0668407926589
0.0130426386498
0.0012727119135
0.0161771734619
0.0106206080735
0.0
0.0371615768999
0.0488949730439
0.0402233546678
0.0200384248064
0.0252374932664
0.068555726791
0.00608320530108
0.00577298395991
0.00683560936666
0.0058269231923
0.0068468086901
0.00674352325108
0.0040027887406
0.00250832442558
0.0036314804415
0.00985180435244
0.0542630060454
0.0107505016747
0.00618100868571
0.0152571255225
0.00588578002968
0.00691515347927
0.0118303144102
0.00825096410892
0.0071066735463
0.0222891861533
0.00712702877509
0.0177563673096
0.0
0.000928677442934
0.0188838803958
1.25437056724
0.00234088333927
0.00265960574131
0.0195112408396
0.00539885078175
0.0352804487945
0.00339121956483
0.0563337380706
0.0195440039361
0.00395607877722
0.00693453052988
0.0961450298077
0.0128478256294
0.00332587198287
0.00681784068411
0.00741096483782
0.0203135174037
0.00587158458338
0.000558543785917
0.00259385987429
0.00423591413861
0.0
0.0076701272761
0.00611264343275
0.00758818097402
0.00488975922859
0.0100927680604
0.0174928405973
0.00608320530108
0.00577298395991
0.00683560936666
0.0058269231923
0.0068468086901
0.00674352325108
0.0040027887406
0.00250832442558
0.0036314804415
0.00985180435244
0.0542630060454
0.0107505016747
0.00618100868571
0.0152571255225
0.00588578002968
0.00691515347927
0.0118303144102
0.00825096410892
0.0071066735463
0.0222891861533
0.00712702877509
0.0177563673096
0.0
0.000928677442934
0.0188838803958
1.25437056724
0.00234088333927
0.00265960574131
0.0195112408396
0.00539885078175
0.0352804487945
0.00339121956483
0.0563337380706
0.0195440039361
0.00395607877722
0.00693453052988
0.0961450298077
0.0128478256294
0.00332587198287
0.00681784068411
0.00741096483782
0.0203135174037
0.00587158458338
0.000558543785917
0.00259385987429
0.00423591413861
0.0
0.0076701272761
0.00611264343275
0.00758818097402
0.00488975922859
0.0100927680604
0.0174928405973
0.00608320530108
0.00577298395991
0.00683560936666
0.0058269231923
0.0068468086901
0.00674352325108
0.0040027887406
0.00250832442558
0.0036314804415
0.00985180435244
0.0542630060454
0.0107505016747
0.00618100868571
0.0152571255225
0.00588578002968
0.00691515347927
0.0118303144102
0.00825096410892
0.0071066735463
0.0222891861533
0.00712702877509
0.0177563673096
0.0
0.000928677442934
0.0188838803958
1.25437056724
0.00234088333927
0.00265960574131
0.0195112408396
0.00539885078175
0.0352804487945
0.00339121956483
0.0563337380706
0.0195440039361
0.00395607877722
0.00693453052988
0.0961450298077
0.0128478256294
0.00332587198287
0.00681784068411
0.00741096483782
0.0203135174037
0.00587158458338
0.000558543785917
0.00259385987429
0.00423591413861
0.0
0.0076701272761
0.00611264343275
0.00758818097402
0.00488975922859
0.0100927680604
0.0174928405973
0.00608320530108
0.00577298395991
0.00683560936666
0.0058269231923
0.0068468086901
0.00674352325108
0.0040027887406
0.00250832442558
0.0036314804415
0.00985180435244
0.0542630060454
0.0107505016747
0.00618100868571
0.0152571255225
0.00588578002968
0.00691515347927
0.0118303144102
0.00825096410892
0.0071066735463
0.0222891861533
0.00712702877509
0.0177563673096
0.0
0.000928677442934
0.0188838803958
1.25437056724
0.00234088333927
0.00265960574131
0.0195112408396
0.00539885078175
0.0352804487945
0.00339121956483
0.0563337380706
0.0195440039361
0.00395607877722
0.00693453052988
0.0961450298077
0.0128478256294
0.00332587198287
0.00681784068411
0.00741096483782
0.0203135174037
0.00587158458338
0.000558543785917
0.00259385987429
0.00423591413861
0.0
0.0076701272761
0.00611264343275
0.00758818097402
0.00488975922859
0.0100927680604
0.0174928405973
0.0138909883214
0.0160135079443
0.0267057534529
0.0156656575405
0.018419893278
0.012551283028
0.012398117766
0.00457664050935
0.0106260304033
0.0274696734129
0.167784846149
0.0380778311023
0.02784882037
0.0679553873687
0.022522201217
0.0146454144099
0.0230383405493
0.0226021886773
0.0237823962092
0.0791010569934
0.022895888555
0.0477069289922
0.0
0.00529697608503
0.0453480735563
2.46144974718
0.00661036404531
0.0137374021208
0.0810746117001
0.0112941570319
0.0397792659867
0.00892965532369
0.278264964787
0.021738790115
0.00907164181674
0.0246531459987
0.331764993674
0.0613796993079
0.0170392704755
0.00972808263417
0.0255886290381
0.0668407926589
0.0130426386498
0.0012727119135
0.0161771734619
0.0106206080735
0.0
0.0371615768999
0.0488949730439
0.0402233546678
0.0200384248064
0.0252374932664
0.068555726791
0.0132067691491
0.0124638736021
0.0177216895019
0.0160574272123
0.0228301594923
0.0117357971316
0.00959220472588
0.00544457099599
0.01813905089
0.0242467400297
0.172250958467
0.0419464571979
0.022625690803
0.0635887425562
0.0159853403413
0.010546095284
0.0270872964631
0.0371540908409
0.0221320183445
0.0774636420687
0.0234148489739
0.050190278664
0.0
0.00367856785616
0.0481249032772
2.46753339402
0.00648445249132
0.0198092825677
0.0841739831235
0.0148709230611
0.0343365537778
0.0122241058105
0.499123447212
0.0241397413321
0.011132266382
0.0282725027439
0.238826749561
0.0670054237074
0.0174430065299
0.00334486147858
0.040259308202
0.0739902264341
0.0207318406302
0.000965738453136
0.0123952570136
0.011393491815
0.0
0.0242556037022
0.0425442908847
0.0322653937395
0.0213478465859
0.0298222166373
0.0409662694525
0.0174430065299
0.0132067691491
0.0124638736021
0.0635887425562
0.0481249032772
0.0425442908847
0.040259308202
0.0122241058105
0.0739902264341
0.0177216895019
0.0207318406302
0.0159853403413
0.011132266382
0.0160574272123
0.0123952570136
0.011393491815
0.0343365537778
0.0117357971316
0.0148709230611
0.0242556037022
0.0241397413321
0.00959220472588
0.010546095284
0.0371540908409
0.0282725027439
0.01813905089
0.499123447212
0.0221320183445
0.0242467400297
0.238826749561
0.0234148489739
0.050190278664
0.0213478465859
0.0198092825677
0.000965738453136
0.0670054237074
0.022625690803
0.0298222166373
0.0409662694525
0.00367856785616
0.0174430065299
0.0132067691491
0.0124638736021
0.0635887425562
0.0481249032772
0.0425442908847
0.040259308202
0.0122241058105
0.0739902264341
0.0177216895019
0.0207318406302
0.0159853403413
0.011132266382
0.0160574272123
0.0123952570136
0.011393491815
0.0343365537778
0.0117357971316
0.0148709230611
0.0242556037022
0.0241397413321
0.00959220472588
0.010546095284
0.0371540908409
0.0282725027439
0.01813905089
0.499123447212
0.0221320183445
0.0242467400297
0.238826749561
0.0234148489739
0.050190278664
0.0213478465859
0.0198092825677
0.000965738453136
0.0670054237074
0.022625690803
0.0298222166373
0.0409662694525
0.00367856785616
0.0174430065299
0.0132067691491
0.0124638736021
0.0635887425562
0.0481249032772
0.0425442908847
0.040259308202
0.0122241058105
0.0739902264341
0.0177216895019
0.0207318406302
0.0159853403413
0.011132266382
0.0160574272123
0.0123952570136
0.011393491815
0.0343365537778
0.0117357971316
0.0148709230611
0.0242556037022
0.0241397413321
0.00959220472588
0.010546095284
0.0371540908409
0.0282725027439
0.01813905089
0.499123447212
0.0221320183445
0.0242467400297
0.238826749561
0.0234148489739
0.050190278664
0.0213478465859
0.0198092825677
0.000965738453136
0.0670054237074
0.022625690803
0.0298222166373
0.0409662694525
0.00367856785616
0.0174430065299
0.0132067691491
0.0124638736021
0.0635887425562
0.0481249032772
0.0425442908847
0.040259308202
0.0122241058105
0.0739902264341
0.0177216895019
0.0207318406302
0.0159853403413
0.011132266382
0.0160574272123
0.0123952570136
0.011393491815
0.0343365537778
0.0117357971316
0.0148709230611
0.0242556037022
0.0241397413321
0.00959220472588
0.010546095284
0.0371540908409
0.0282725027439
0.01813905089
0.499123447212
0.0221320183445
0.0242467400297
0.238826749561
0.0234148489739
0.050190278664
0.0213478465859
0.0198092825677
0.000965738453136
0.0670054237074
0.022625690803
0.0298222166373
0.0409662694525
0.00367856785616
0.0174430065299
0.0132067691491
0.0124638736021
0.0635887425562
0.0481249032772
0.0425442908847
0.040259308202
0.0122241058105
0.0739902264341
0.0177216895019
0.0207318406302
0.0159853403413
0.011132266382
0.0160574272123
0.0123952570136
0.011393491815
0.0343365537778
0.0117357971316
0.0148709230611
0.0242556037022
0.0241397413321
0.00959220472588
0.010546095284
0.0371540908409
0.0282725027439
0.01813905089
0.499123447212
0.0221320183445
0.0242467400297
0.238826749561
0.0234148489739
0.050190278664
0.0213478465859
0.0198092825677
0.000965738453136
0.0670054237074
0.022625690803
0.0298222166373
0.0409662694525
0.00367856785616
0.00332587198287
0.00608320530108
0.00577298395991
0.0152571255225
0.0188838803958
0.00611264343275
0.00741096483782
0.00339121956483
0.0203135174037
0.00683560936666
0.00587158458338
0.00588578002968
0.00395607877722
0.0058269231923
0.00259385987429
0.00423591413861
0.0352804487945
0.00674352325108
0.00539885078175
0.0076701272761
0.0195440039361
0.0040027887406
0.00691515347927
0.00825096410892
0.00693453052988
0.0036314804415
0.0563337380706
0.0071066735463
0.00985180435244
0.0961450298077
0.00712702877509
0.0177563673096
0.00488975922859
0.00265960574131
0.000558543785917
0.0128478256294
0.00618100868571
0.0100927680604
0.0174928405973
0.000928677442934
0.00332587198287
0.00608320530108
0.00577298395991
0.0152571255225
0.0188838803958
0.00611264343275
0.0382970005342
0.00741096483782
0.00339121956483
0.0352804487945
0.00683560936666
0.00587158458338
0.00588578002968
0.0203135174037
0.0058269231923
0.00259385987429
0.00423591413861
0.00288451030136
0.00674352325108
0.00539885078175
0.0076701272761
0.0195440039361
0.0040027887406
0.00691515347927
0.00825096410892
0.00693453052988
0.0036314804415
0.0563337380706
0.0071066735463
0.00985180435244
0.0961450298077
0.00712702877509
0.0177563673096
0.00488975922859
0.00265960574131
0.00395607877722
0.000558543785917
0.0128478256294
0.00618100868571
0.0100927680604
0.0174928405973
0.000928677442934
0.0170392704755
0.0138909883214
0.0160135079443
0.0679553873687
0.0453480735563
0.0488949730439
0.128404573467
0.0255886290381
0.00892965532369
0.0397792659867
0.0267057534529
0.0130426386498
0.022522201217
0.0668407926589
0.0156656575405
0.0161771734619
0.0106206080735
0.00545408791942
0.012551283028
0.0112941570319
0.0371615768999
0.021738790115
0.012398117766
0.0146454144099
0.0226021886773
0.0246531459987
0.0106260304033
0.278264964787
0.0237823962092
0.0274696734129
0.331764993674
0.022895888555
0.0477069289922
0.0200384248064
0.0137374021208
0.00907164181674
0.0012727119135
0.0613796993079
0.02784882037
0.0252374932664
0.068555726791
0.00529697608503
0.0170392704755
0.0138909883214
0.0160135079443
0.0679553873687
0.0453480735563
0.0488949730439
0.128404573467
0.0255886290381
0.00892965532369
0.0397792659867
0.0267057534529
0.0130426386498
0.022522201217
0.0668407926589
0.0156656575405
0.0161771734619
0.0106206080735
0.00545408791942
0.012551283028
0.0112941570319
0.0371615768999
0.021738790115
0.012398117766
0.0146454144099
0.0226021886773
0.0246531459987
0.0106260304033
0.278264964787
0.0237823962092
0.0274696734129
0.331764993674
0.022895888555
0.0477069289922
0.0200384248064
0.0137374021208
0.00907164181674
0.0012727119135
0.0613796993079
0.02784882037
0.0252374932664
0.068555726791
0.00529697608503
0.0174430065299
0.0132067691491
0.0124638736021
0.0635887425562
0.0481249032772
0.0425442908847
0.040259308202
0.0122241058105
0.0739902264341
0.0177216895019
0.0207318406302
0.0159853403413
0.011132266382
0.0160574272123
0.0123952570136
0.011393491815
0.0343365537778
0.0117357971316
0.0148709230611
0.0242556037022
0.0241397413321
0.00959220472588
0.010546095284
0.0371540908409
0.0282725027439
0.01813905089
0.499123447212
0.0221320183445
0.0242467400297
0.238826749561
0.0234148489739
0.050190278664
0.0213478465859
0.0198092825677
0.000965738453136
0.0670054237074
0.022625690803
0.0298222166373
0.0409662694525
0.00367856785616
0.0174430065299
0.0132067691491
0.0124638736021
0.0635887425562
0.0481249032772
0.0425442908847
0.040259308202
0.0122241058105
0.0739902264341
0.0177216895019
0.0207318406302
0.0159853403413
0.011132266382
0.0160574272123
0.0123952570136
0.011393491815
0.0343365537778
0.0117357971316
0.0148709230611
0.0242556037022
0.0241397413321
0.00959220472588
0.010546095284
0.0371540908409
0.0282725027439
0.01813905089
0.499123447212
0.0221320183445
0.0242467400297
0.238826749561
0.0234148489739
0.050190278664
0.0213478465859
0.0198092825677
0.000965738453136
0.0670054237074
0.022625690803
0.0298222166373
0.0409662694525
0.00367856785616
0.0174430065299
0.0132067691491
0.0124638736021
0.0635887425562
0.0481249032772
0.0425442908847
0.040259308202
0.0122241058105
0.0739902264341
0.0177216895019
0.0207318406302
0.0159853403413
0.011132266382
0.0160574272123
0.0123952570136
0.011393491815
0.0343365537778
0.0117357971316
0.0148709230611
0.0242556037022
0.0241397413321
0.00959220472588
0.010546095284
0.0371540908409
0.0282725027439
0.01813905089
0.499123447212
0.0221320183445
0.0242467400297
0.238826749561
0.0234148489739
0.050190278664
0.0213478465859
0.0198092825677
0.000965738453136
0.0670054237074
0.022625690803
0.0298222166373
0.0409662694525
0.00367856785616
0.0174430065299
0.0132067691491
0.0124638736021
0.0635887425562
0.0481249032772
0.0425442908847
0.040259308202
0.0122241058105
0.0739902264341
0.0177216895019
0.0207318406302
0.0159853403413
0.011132266382
0.0160574272123
0.0123952570136
0.011393491815
0.0343365537778
0.0117357971316
0.0148709230611
0.0242556037022
0.0241397413321
0.00959220472588
0.010546095284
0.0371540908409
0.0282725027439
0.01813905089
0.499123447212
0.0221320183445
0.0242467400297
0.238826749561
0.0234148489739
0.050190278664
0.0213478465859
0.0198092825677
0.000965738453136
0.0670054237074
0.022625690803
0.0298222166373
0.0409662694525
0.00367856785616
0.0174430065299
0.0132067691491
0.0124638736021
0.0635887425562
0.0481249032772
0.0425442908847
0.040259308202
0.0122241058105
0.0739902264341
0.0177216895019
0.0207318406302
0.0159853403413
0.011132266382
0.0160574272123
0.0123952570136
0.011393491815
0.0343365537778
0.0117357971316
0.0148709230611
0.0242556037022
0.0241397413321
0.00959220472588
0.010546095284
0.0371540908409
0.0282725027439
0.01813905089
0.499123447212
0.0221320183445
0.0242467400297
0.238826749561
0.0234148489739
0.050190278664
0.0213478465859
0.0198092825677
0.000965738453136
0.0670054237074
0.022625690803
0.0298222166373
0.0409662694525
0.00367856785616
0.0170392704755
0.0138909883214
0.0160135079443
0.0679553873687
0.0453480735563
0.0488949730439
0.0255886290381
0.00892965532369
0.0668407926589
0.0267057534529
0.0130426386498
0.022522201217
0.00907164181674
0.0156656575405
0.0161771734619
0.0106206080735
0.0397792659867
0.012551283028
0.0112941570319
0.0371615768999
0.021738790115
0.012398117766
0.0146454144099
0.0226021886773
0.0246531459987
0.0106260304033
0.278264964787
0.0237823962092
0.0274696734129
0.331764993674
0.022895888555
0.0477069289922
0.0200384248064
0.0137374021208
0.0012727119135
0.0613796993079
0.02784882037
0.0252374932664
0.068555726791
0.00529697608503
0.00332587198287
0.00608320530108
0.00577298395991
0.0152571255225
0.0188838803958
0.00611264343275
0.00741096483782
0.00339121956483
0.0203135174037
0.00683560936666
0.00587158458338
0.00588578002968
0.00395607877722
0.0058269231923
0.00259385987429
0.00423591413861
0.0352804487945
0.00674352325108
0.00539885078175
0.0076701272761
0.0195440039361
0.0040027887406
0.00691515347927
0.00825096410892
0.00693453052988
0.0036314804415
0.0563337380706
0.0071066735463
0.00985180435244
0.0961450298077
0.00712702877509
0.0177563673096
0.00488975922859
0.00265960574131
0.000558543785917
0.0128478256294
0.00618100868571
0.0100927680604
0.0174928405973
0.000928677442934
