0.00830557150951
0.00831385495512
0.00636763757756
0.0086632117085
0.00889639699725
0.0110793118406
0.009340350785
0.0115616400703
0.0101683233005
0.00636763757756
0.00915761615124
0.0115313420612
0.009340350785
0.0115616400703
0.0101683233005
0.00636763757756
0.00915761615124
0.0115313420612
0.009340350785
0.0115616400703
0.0101683233005
0.00636763757756
0.00915761615124
0.0115313420612
0.009340350785
0.0115616400703
0.0101683233005
0.00636763757756
0.00915761615124
0.0115313420612
0.009340350785
0.0115616400703
0.0101683233005
0.00636763757756
0.00915761615124
0.0115313420612
0.009340350785
0.0115616400703
0.0101683233005
0.00636763757756
0.00915761615124
0.0115313420612
0.0163323848395
0.0201255193191
0.0178093285883
0.0217613087607
0.0157823459479
0.019879508668
0.0163323848395
0.0201255193191
0.0178093285883
0.0217613087607
0.0157823459479
0.019879508668
0.0163323848395
0.0201255193191
0.0178093285883
0.0217613087607
0.0157823459479
0.019879508668
0.0163323848395
0.0201255193191
0.0178093285883
0.0217613087607
0.0157823459479
0.019879508668
0.00782779827835
0.0344488892622
0.00667023222701
0.0101715504506
0.0052575710432
0.0172068801163
0.011158520724
0.00300820645368
0.0130829682715
0.450582914958
0.0118748899548
0.00844163902537
0.0231813001828
0.00579029493828
0.005460862878
0.0120782846502
0.0209871649823
0.00888871579646
0.033300711279
0.0119049141925
0.0057098044384
0.0
0.00856950848057
0.0134770062811
0.15096338195
0.00412117013462
0.00571600142866
0.0314508670481
0.00791762808495
0.0146472173532
0.00773281930974
0.143048437532
0.0177246874914
0.00573507191283
0.0176213759754
0.1358626801
0.0144049589397
0.00808221649068
0.0039395292828
0.00975305112755
0.0236962543868
0.00858288945915
0.00153925199833
0.0046876464867
0.00837669618821
0.0
0.0127482605408
0.0178364345025
0.0113181277771
0.00921199485039
0.0163110960686
0.0234816457173
0.00782779827835
0.0344488892622
0.00667023222701
0.0101715504506
0.0052575710432
0.0172068801163
0.011158520724
0.00300820645368
0.0130829682715
0.450582914958
0.0118748899548
0.00844163902537
0.0231813001828
0.00579029493828
0.005460862878
0.0120782846502
0.0209871649823
0.00888871579646
0.033300711279
0.0119049141925
0.0057098044384
0.0
0.00856950848057
0.0134770062811
0.15096338195
0.00412117013462
0.00571600142866
0.0314508670481
0.00791762808495
0.0146472173532
0.00773281930974
0.143048437532
0.0177246874914
0.00573507191283
0.0176213759754
0.1358626801
0.0144049589397
0.00808221649068
0.0039395292828
0.00975305112755
0.0236962543868
0.00858288945915
0.00153925199833
0.0046876464867
0.00837669618821
0.0
0.0127482605408
0.0178364345025
0.0113181277771
0.00921199485039
0.0163110960686
0.0234816457173
0.00782779827835
0.0344488892622
0.00667023222701
0.0101715504506
0.0052575710432
0.0172068801163
0.011158520724
0.00300820645368
0.0130829682715
0.450582914958
0.0118748899548
0.00844163902537
0.0231813001828
0.00579029493828
0.005460862878
0.0120782846502
0.0209871649823
0.00888871579646
0.033300711279
0.0119049141925
0.0057098044384
0.0
0.00856950848057
0.0134770062811
0.15096338195
0.00412117013462
0.00571600142866
0.0314508670481
0.00791762808495
0.0146472173532
0.00773281930974
0.143048437532
0.0177246874914
0.00573507191283
0.0176213759754
0.1358626801
0.0144049589397
0.00808221649068
0.0039395292828
0.00975305112755
0.0236962543868
0.00858288945915
0.00153925199833
0.0046876464867
0.00837669618821
0.0
0.0127482605408
0.0178364345025
0.0113181277771
0.00921199485039
0.0163110960686
0.0234816457173
0.00782779827835
0.0344488892622
0.00667023222701
0.0101715504506
0.0052575710432
0.0172068801163
0.011158520724
0.00300820645368
0.0130829682715
0.450582914958
0.0118748899548
0.00844163902537
0.0231813001828
0.00579029493828
0.005460862878
0.0120782846502
0.0209871649823
0.00888871579646
0.033300711279
0.0119049141925
0.0057098044384
0.0
0.00856950848057
0.0134770062811
0.15096338195
0.00412117013462
0.00571600142866
0.0314508670481
0.00791762808495
0.0146472173532
0.00773281930974
0.143048437532
0.0177246874914
0.00573507191283
0.0176213759754
0.1358626801
0.0144049589397
0.00808221649068
0.0039395292828
0.00975305112755
0.0236962543868
0.00858288945915
0.00153925199833
0.0046876464867
0.00837669618821
0.0
0.0127482605408
0.0178364345025
0.0113181277771
0.00921199485039
0.0163110960686
0.0234816457173
0.00782779827835
0.0344488892622
0.00667023222701
0.0101715504506
0.0052575710432
0.0172068801163
0.011158520724
0.00300820645368
0.0130829682715
0.450582914958
0.0118748899548
0.00844163902537
0.0231813001828
0.00579029493828
0.005460862878
0.0120782846502
0.0209871649823
0.00888871579646
0.033300711279
0.0119049141925
0.0057098044384
0.0
0.00856950848057
0.0134770062811
0.15096338195
0.00412117013462
0.00571600142866
0.0314508670481
0.00791762808495
0.0146472173532
0.00773281930974
0.143048437532
0.0177246874914
0.00573507191283
0.0176213759754
0.1358626801
0.0144049589397
0.00808221649068
0.0039395292828
0.00975305112755
0.0236962543868
0.00858288945915
0.00153925199833
0.0046876464867
0.00837669618821
0.0
0.0127482605408
0.0178364345025
0.0113181277771
0.00921199485039
0.0163110960686
0.0234816457173
0.00782779827835
0.0344488892622
0.00667023222701
0.0101715504506
0.0052575710432
0.0172068801163
0.011158520724
0.00300820645368
0.0130829682715
0.450582914958
0.0118748899548
0.00844163902537
0.0231813001828
0.00579029493828
0.005460862878
0.0120782846502
0.0209871649823
0.00888871579646
0.033300711279
0.0119049141925
0.0057098044384
0.0
0.00856950848057
0.0134770062811
0.15096338195
0.00412117013462
0.00571600142866
0.0314508670481
0.00791762808495
0.0146472173532
0.00773281930974
0.143048437532
0.0177246874914
0.00573507191283
0.0176213759754
0.1358626801
0.0144049589397
0.00808221649068
0.0039395292828
0.00975305112755
0.0236962543868
0.00858288945915
0.00153925199833
0.0046876464867
0.00837669618821
0.0
0.0127482605408
0.0178364345025
0.0113181277771
0.00921199485039
0.0163110960686
0.0234816457173
0.00782779827835
0.0344488892622
0.00667023222701
0.0101715504506
0.0052575710432
0.0172068801163
0.011158520724
0.00300820645368
0.0130829682715
0.450582914958
0.0118748899548
0.00844163902537
0.0231813001828
0.00579029493828
0.005460862878
0.0120782846502
0.0209871649823
0.00888871579646
0.033300711279
0.0119049141925
0.0057098044384
0.0
0.00856950848057
0.0134770062811
0.15096338195
0.00412117013462
0.00571600142866
0.0314508670481
0.00791762808495
0.0146472173532
0.00773281930974
0.143048437532
0.0177246874914
0.00573507191283
0.0176213759754
0.1358626801
0.0144049589397
0.00808221649068
0.0039395292828
0.00975305112755
0.0236962543868
0.00858288945915
0.00153925199833
0.0046876464867
0.00837669618821
0.0
0.0127482605408
0.0178364345025
0.0113181277771
0.00921199485039
0.0163110960686
0.0234816457173
0.00782779827835
0.0344488892622
0.00667023222701
0.0101715504506
0.0052575710432
0.0172068801163
0.011158520724
0.00300820645368
0.0130829682715
0.450582914958
0.0118748899548
0.00844163902537
0.0231813001828
0.00579029493828
0.005460862878
0.0120782846502
0.0209871649823
0.00888871579646
0.033300711279
0.0119049141925
0.0057098044384
0.0
0.00856950848057
0.0134770062811
0.15096338195
0.00412117013462
0.00571600142866
0.0314508670481
0.00791762808495
0.0146472173532
0.00773281930974
0.143048437532
0.0177246874914
0.00573507191283
0.0176213759754
0.1358626801
0.0144049589397
0.00808221649068
0.0039395292828
0.00975305112755
0.0236962543868
0.00858288945915
0.00153925199833
0.0046876464867
0.00837669618821
0.0
0.0127482605408
0.0178364345025
0.0113181277771
0.00921199485039
0.0163110960686
0.0234816457173
0.00782779827835
0.0344488892622
0.00667023222701
0.0101715504506
0.0052575710432
0.0172068801163
0.011158520724
0.00300820645368
0.0130829682715
0.450582914958
0.0118748899548
0.00844163902537
0.0231813001828
0.00579029493828
0.005460862878
0.0120782846502
0.0209871649823
0.00888871579646
0.033300711279
0.0119049141925
0.0057098044384
0.0
0.00856950848057
0.0134770062811
0.15096338195
0.00412117013462
0.00571600142866
0.0314508670481
0.00791762808495
0.0146472173532
0.00773281930974
0.143048437532
0.0177246874914
0.00573507191283
0.0176213759754
0.1358626801
0.0144049589397
0.00808221649068
0.0039395292828
0.00975305112755
0.0236962543868
0.00858288945915
0.00153925199833
0.0046876464867
0.00837669618821
0.0
0.0127482605408
0.0178364345025
0.0113181277771
0.00921199485039
0.0163110960686
0.0234816457173
0.00782779827835
0.0344488892622
0.00667023222701
0.0101715504506
0.0052575710432
0.0172068801163
0.011158520724
0.00300820645368
0.0130829682715
0.450582914958
0.0118748899548
0.00844163902537
0.0231813001828
0.00579029493828
0.005460862878
0.0120782846502
0.0209871649823
0.00888871579646
0.033300711279
0.0119049141925
0.0057098044384
0.0
0.00856950848057
0.0134770062811
0.15096338195
0.00412117013462
0.00571600142866
0.0314508670481
0.00791762808495
0.0146472173532
0.00773281930974
0.143048437532
0.0177246874914
0.00573507191283
0.0176213759754
0.1358626801
0.0144049589397
0.00808221649068
0.0039395292828
0.00975305112755
0.0236962543868
0.00858288945915
0.00153925199833
0.0046876464867
0.00837669618821
0.0
0.0127482605408
0.0178364345025
0.0113181277771
0.00921199485039
0.0163110960686
0.0234816457173
0.00782779827835
0.0344488892622
0.00667023222701
0.0101715504506
0.0052575710432
0.0172068801163
0.011158520724
0.00300820645368
0.0130829682715
0.450582914958
0.0118748899548
0.00844163902537
0.0231813001828
0.00579029493828
0.005460862878
0.0120782846502
0.0209871649823
0.00888871579646
0.033300711279
0.0119049141925
0.0057098044384
0.0
0.00856950848057
0.0134770062811
0.15096338195
0.00412117013462
0.00571600142866
0.0314508670481
0.00791762808495
0.0146472173532
0.00773281930974
0.143048437532
0.0177246874914
0.00573507191283
0.0176213759754
0.1358626801
0.0144049589397
0.00808221649068
0.0039395292828
0.00975305112755
0.0236962543868
0.00858288945915
0.00153925199833
0.0046876464867
0.00837669618821
0.0
0.0127482605408
0.0178364345025
0.0113181277771
0.00921199485039
0.0163110960686
0.0234816457173
0.00672421484795
0.0239067271481
0.0100993956436
0.0127248617735
0.00883727311504
0.0246495276255
0.0152788779158
0.00401256945735
0.024736896183
0.608365437343
0.0258731432679
0.0169165402949
0.0495333758742
0.00799681054168
0.0124772776426
0.0183238482994
0.0784229041405
0.0138908215291
0.0669909810926
0.0260310405427
0.0138765753357
0.0
0.0228189347527
0.025294370035
0.305726945179
0.00584307464855
0.0465812920859
0.0652200319904
0.0112297187284
0.0114058175868
0.0127916654921
0.295215556743
0.0169179270715
0.00893946282759
0.0271137441211
0.161430463268
0.0335454549713
0.0143447406417
0.00303832947342
0.022271770871
0.0524645644659
0.0121511226721
0.00180134916126
0.0126098810469
0.0143099515365
0.0
0.02242521423
0.0327562515892
0.0229416480087
0.0197008152453
0.0308846027424
0.109958448822
0.00878545309465
0.0310762310529
0.015275362427
0.01745674696
0.010587698351
0.0265765189057
0.0191850187443
0.00485915226921
0.0281683320219
0.631663205418
0.024919713197
0.0193395533947
0.0556088789786
0.013733584216
0.00823036261217
0.0176685710326
0.0280547290742
0.0185250942921
0.0704431211724
0.022763554657
0.0203300682775
0.0
0.0150643049412
0.0279654597022
0.290774123564
0.00667646934483
0.00736154494095
0.0784642265964
0.0136318353539
0.0177293204182
0.0119160067739
0.330330442152
0.0190916605986
0.00949257646119
0.0341294378946
0.273572310249
0.0320955683755
0.0165834372357
0.00352266907864
0.0213126267279
0.049315909713
0.0146425099491
0.00253900777218
0.0139195449228
0.0145611838231
0.0
0.0288775499772
0.0404014442956
0.0311673705067
0.0180141058753
0.0289883905362
0.0481377482923
0.0416580332136
0.039089639037
0.0175985917533
0.0165319740741
0.0177335272644
2.82715888624
0.0342636754307
0.0108177722444
0.0446609210959
0.752652468143
0.0635097675682
0.0462920672705
0.0486831369083
0.0200040175602
0.030714377556
0.0448594244558
4.69526889468
0.013928947552
0.0789710272354
0.0417667352714
0.0326711355
0.0
0.175677863603
0.0459522251384
0.476571314238
0.00598406855686
0.0367676847083
0.0571353253079
0.485840700708
0.0159611490248
0.0159325422544
0.372908425124
0.0455646219013
0.0108079441306
0.0346431437632
0.143327146519
0.027704653038
0.0204280303599
0.0194431383156
0.0612330043333
0.0912952541262
0.434248336119
0.0131646608624
0.0176342099847
0.0210719567208
0.0
0.0161821856447
0.0315077832598
0.0141685905458
0.0414956990775
0.0583799976296
0.065550288859
0.00782779827835
0.0344488892622
0.00667023222701
0.0101715504506
0.0052575710432
0.0172068801163
0.011158520724
0.00300820645368
0.00539979905627
0.0130829682715
0.450582914958
0.0118748899548
0.00844163902537
0.0231813001828
0.00579029493828
0.005460862878
0.0120782846502
0.0209871649823
0.00888871579646
0.033300711279
0.0119049141925
0.0057098044384
0.0
0.00856950848057
0.0134770062811
0.15096338195
0.00412117013462
0.00571600142866
0.0314508670481
0.00791762808495
0.0146472173532
0.00773281930974
0.143048437532
0.0177246874914
0.00573507191283
0.0176213759754
0.1358626801
0.0144049589397
0.00808221649068
0.0039395292828
0.00975305112755
0.0236962543868
0.00858288945915
0.00153925199833
0.0046876464867
0.00837669618821
0.0
0.0127482605408
0.0178364345025
0.0113181277771
0.00921199485039
0.0163110960686
0.0234816457173
0.00878545309465
0.0310762310529
0.015275362427
0.01745674696
0.010587698351
0.0265765189057
0.0191850187443
0.00485915226921
0.0100654990698
0.0281683320219
0.631663205418
0.024919713197
0.0193395533947
0.0556088789786
0.013733584216
0.00823036261217
0.0176685710326
0.0280547290742
0.0185250942921
0.0704431211724
0.022763554657
0.0203300682775
0.0
0.0150643049412
0.0279654597022
0.290774123564
0.00667646934483
0.00736154494095
0.0784642265964
0.0136318353539
0.0177293204182
0.0119160067739
0.330330442152
0.0190916605986
0.00949257646119
0.0341294378946
0.273572310249
0.0320955683755
0.0165834372357
0.00352266907864
0.0213126267279
0.049315909713
0.0146425099491
0.00253900777218
0.0139195449228
0.0145611838231
0.0
0.0288775499772
0.0404014442956
0.0311673705067
0.0180141058753
0.0289883905362
0.0481377482923
0.00672421484795
0.0239067271481
0.0100993956436
0.0127248617735
0.00883727311504
0.0246495276255
0.0152788779158
0.00401256945735
0.0128623029769
0.024736896183
0.608365437343
0.0258731432679
0.0169165402949
0.0495333758742
0.00799681054168
0.0124772776426
0.0183238482994
0.0784229041405
0.0138908215291
0.0669909810926
0.0260310405427
0.0138765753357
0.0
0.0228189347527
0.025294370035
0.305726945179
0.00584307464855
0.0465812920859
0.0652200319904
0.0112297187284
0.0114058175868
0.0127916654921
0.295215556743
0.0169179270715
0.00893946282759
0.0271137441211
0.161430463268
0.0335454549713
0.0143447406417
0.00303832947342
0.022271770871
0.0524645644659
0.0121511226721
0.00180134916126
0.0126098810469
0.0143099515365
0.0
0.02242521423
0.0327562515892
0.0229416480087
0.0197008152453
0.0308846027424
0.109958448822
0.00672421484795
0.0239067271481
0.0100993956436
0.0127248617735
0.00883727311504
0.0246495276255
0.0152788779158
0.00401256945735
0.0128623029769
0.024736896183
0.608365437343
0.0258731432679
0.0169165402949
0.0495333758742
0.00799681054168
0.0124772776426
0.0183238482994
0.0784229041405
0.0138908215291
0.0669909810926
0.0260310405427
0.0138765753357
0.0
0.0228189347527
0.025294370035
0.305726945179
0.00584307464855
0.0465812920859
0.0652200319904
0.0112297187284
0.0114058175868
0.0127916654921
0.295215556743
0.0169179270715
0.00893946282759
0.0271137441211
0.161430463268
0.0335454549713
0.0143447406417
0.00303832947342
0.022271770871
0.0524645644659
0.0121511226721
0.00180134916126
0.0126098810469
0.0143099515365
0.0
0.02242521423
0.0327562515892
0.0229416480087
0.0197008152453
0.0308846027424
0.109958448822
0.00878545309465
0.0310762310529
0.015275362427
0.01745674696
0.010587698351
0.0265765189057
0.0191850187443
0.00485915226921
0.0100654990698
0.0281683320219
0.631663205418
0.024919713197
0.0193395533947
0.0556088789786
0.013733584216
0.00823036261217
0.0176685710326
0.0280547290742
0.0185250942921
0.0704431211724
0.022763554657
0.0203300682775
0.0
0.0150643049412
0.0279654597022
0.290774123564
0.00667646934483
0.00736154494095
0.0784642265964
0.0136318353539
0.0177293204182
0.0119160067739
0.330330442152
0.0190916605986
0.00949257646119
0.0341294378946
0.273572310249
0.0320955683755
0.0165834372357
0.00352266907864
0.0213126267279
0.049315909713
0.0146425099491
0.00253900777218
0.0139195449228
0.0145611838231
0.0
0.0288775499772
0.0404014442956
0.0311673705067
0.0180141058753
0.0289883905362
0.0481377482923
0.00782779827835
0.0344488892622
0.00667023222701
0.0101715504506
0.0052575710432
0.0172068801163
0.011158520724
0.00300820645368
0.00539979905627
0.0130829682715
0.450582914958
0.0118748899548
0.00844163902537
0.0231813001828
0.00579029493828
0.005460862878
0.0120782846502
0.0209871649823
0.00888871579646
0.033300711279
0.0119049141925
0.0057098044384
0.0
0.00856950848057
0.0134770062811
0.15096338195
0.00412117013462
0.00571600142866
0.0314508670481
0.00791762808495
0.0146472173532
0.00773281930974
0.143048437532
0.0177246874914
0.00573507191283
0.0176213759754
0.1358626801
0.0144049589397
0.00808221649068
0.0039395292828
0.00975305112755
0.0236962543868
0.00858288945915
0.00153925199833
0.0046876464867
0.00837669618821
0.0
0.0127482605408
0.0178364345025
0.0113181277771
0.00921199485039
0.0163110960686
0.0234816457173
0.00782779827835
0.0344488892622
0.00667023222701
0.0101715504506
0.0052575710432
0.0172068801163
0.011158520724
0.00300820645368
0.00539979905627
0.0130829682715
0.450582914958
0.0118748899548
0.00844163902537
0.0231813001828
0.00579029493828
0.005460862878
0.0120782846502
0.0209871649823
0.00888871579646
0.033300711279
0.0119049141925
0.0057098044384
0.0
0.00856950848057
0.0134770062811
0.15096338195
0.00412117013462
0.00571600142866
0.0314508670481
0.00791762808495
0.0146472173532
0.00773281930974
0.143048437532
0.0177246874914
0.00573507191283
0.0176213759754
0.1358626801
0.0144049589397
0.00808221649068
0.0039395292828
0.00975305112755
0.0236962543868
0.00858288945915
0.00153925199833
0.0046876464867
0.00837669618821
0.0
0.0127482605408
0.0178364345025
0.0113181277771
0.00921199485039
0.0163110960686
0.0234816457173
0.00782779827835
0.0344488892622
0.00667023222701
0.0101715504506
0.0052575710432
0.0172068801163
0.011158520724
0.00300820645368
0.00539979905627
0.0130829682715
0.450582914958
0.0118748899548
0.00844163902537
0.0231813001828
0.00579029493828
0.005460862878
0.0120782846502
0.0209871649823
0.00888871579646
0.033300711279
0.0119049141925
0.0057098044384
0.0
0.00856950848057
0.0134770062811
0.15096338195
0.00412117013462
0.00571600142866
0.0314508670481
0.00791762808495
0.0146472173532
0.00773281930974
0.143048437532
0.0177246874914
0.00573507191283
0.0176213759754
0.1358626801
0.0144049589397
0.00808221649068
0.0039395292828
0.00975305112755
0.0236962543868
0.00858288945915
0.00153925199833
0.0046876464867
0.00837669618821
0.0
0.0127482605408
0.0178364345025
0.0113181277771
0.00921199485039
0.0163110960686
0.0234816457173
0.00782779827835
0.0344488892622
0.00667023222701
0.0101715504506
0.0052575710432
0.0172068801163
0.011158520724
0.00300820645368
0.00539979905627
0.0130829682715
0.450582914958
0.0118748899548
0.00844163902537
0.0231813001828
0.00579029493828
0.005460862878
0.0120782846502
0.0209871649823
0.00888871579646
0.033300711279
0.0119049141925
0.0057098044384
0.0
0.00856950848057
0.0134770062811
0.15096338195
0.00412117013462
0.00571600142866
0.0314508670481
0.00791762808495
0.0146472173532
0.00773281930974
0.143048437532
0.0177246874914
0.00573507191283
0.0176213759754
0.1358626801
0.0144049589397
0.00808221649068
0.0039395292828
0.00975305112755
0.0236962543868
0.00858288945915
0.00153925199833
0.0046876464867
0.00837669618821
0.0
0.0127482605408
0.0178364345025
0.0113181277771
0.00921199485039
0.0163110960686
0.0234816457173
0.00878545309465
0.0310762310529
0.015275362427
0.01745674696
0.010587698351
0.0265765189057
0.0191850187443
0.00485915226921
0.0100654990698
0.0281683320219
0.631663205418
0.024919713197
0.0193395533947
0.0556088789786
0.013733584216
0.00823036261217
0.0176685710326
0.0280547290742
0.0185250942921
0.0704431211724
0.022763554657
0.0203300682775
0.0
0.0150643049412
0.0279654597022
0.290774123564
0.00667646934483
0.00736154494095
0.0784642265964
0.0136318353539
0.0177293204182
0.0119160067739
0.330330442152
0.0190916605986
0.00949257646119
0.0341294378946
0.273572310249
0.0320955683755
0.0165834372357
0.00352266907864
0.0213126267279
0.049315909713
0.0146425099491
0.00253900777218
0.0139195449228
0.0145611838231
0.0
0.0288775499772
0.0404014442956
0.0311673705067
0.0180141058753
0.0289883905362
0.0481377482923
0.00672421484795
0.0239067271481
0.0100993956436
0.0127248617735
0.00883727311504
0.0246495276255
0.0152788779158
0.00401256945735
0.0128623029769
0.024736896183
0.608365437343
0.0258731432679
0.0169165402949
0.0495333758742
0.00799681054168
0.0124772776426
0.0183238482994
0.0784229041405
0.0138908215291
0.0669909810926
0.0260310405427
0.0138765753357
0.0
0.0228189347527
0.025294370035
0.305726945179
0.00584307464855
0.0465812920859
0.0652200319904
0.0112297187284
0.0114058175868
0.0127916654921
0.295215556743
0.0169179270715
0.00893946282759
0.0271137441211
0.161430463268
0.0335454549713
0.0143447406417
0.00303832947342
0.022271770871
0.0524645644659
0.0121511226721
0.00180134916126
0.0126098810469
0.0143099515365
0.0
0.02242521423
0.0327562515892
0.0229416480087
0.0197008152453
0.0308846027424
0.109958448822
0.0143447406417
0.00672421484795
0.0239067271481
0.0495333758742
0.025294370035
0.0327562515892
0.022271770871
0.0127916654921
0.0524645644659
0.0100993956436
0.0121511226721
0.00799681054168
0.00893946282759
0.0127248617735
0.0126098810469
0.0143099515365
0.0114058175868
0.0246495276255
0.0112297187284
0.02242521423
0.0169179270715
0.0152788779158
0.0124772776426
0.0784229041405
0.0271137441211
0.0128623029769
0.295215556743
0.0138908215291
0.024736896183
0.161430463268
0.0260310405427
0.0138765753357
0.0197008152453
0.0465812920859
0.00180134916126
0.0335454549713
0.0169165402949
0.0308846027424
0.109958448822
0.0228189347527
0.0143447406417
0.00672421484795
0.0239067271481
0.0495333758742
0.025294370035
0.0327562515892
0.022271770871
0.0127916654921
0.0524645644659
0.0100993956436
0.0121511226721
0.00799681054168
0.00893946282759
0.0127248617735
0.0126098810469
0.0143099515365
0.0114058175868
0.0246495276255
0.0112297187284
0.02242521423
0.0169179270715
0.0152788779158
0.0124772776426
0.0784229041405
0.0271137441211
0.0128623029769
0.295215556743
0.0138908215291
0.024736896183
0.161430463268
0.0260310405427
0.0138765753357
0.0197008152453
0.0465812920859
0.00180134916126
0.0335454549713
0.0169165402949
0.0308846027424
0.109958448822
0.0228189347527
0.0143447406417
0.00672421484795
0.0239067271481
0.0495333758742
0.025294370035
0.0327562515892
0.022271770871
0.0127916654921
0.0524645644659
0.0100993956436
0.0121511226721
0.00799681054168
0.00893946282759
0.0127248617735
0.0126098810469
0.0143099515365
0.0114058175868
0.0246495276255
0.0112297187284
0.02242521423
0.0169179270715
0.0152788779158
0.0124772776426
0.0784229041405
0.0271137441211
0.0128623029769
0.295215556743
0.0138908215291
0.024736896183
0.161430463268
0.0260310405427
0.0138765753357
0.0197008152453
0.0465812920859
0.00180134916126
0.0335454549713
0.0169165402949
0.0308846027424
0.109958448822
0.0228189347527
0.0143447406417
0.00672421484795
0.0239067271481
0.0495333758742
0.025294370035
0.0327562515892
0.022271770871
0.0127916654921
0.0524645644659
0.0100993956436
0.0121511226721
0.00799681054168
0.00893946282759
0.0127248617735
0.0126098810469
0.0143099515365
0.0114058175868
0.0246495276255
0.0112297187284
0.02242521423
0.0169179270715
0.0152788779158
0.0124772776426
0.0784229041405
0.0271137441211
0.0128623029769
0.295215556743
0.0138908215291
0.024736896183
0.161430463268
0.0260310405427
0.0138765753357
0.0197008152453
0.0465812920859
0.00180134916126
0.0335454549713
0.0169165402949
0.0308846027424
0.109958448822
0.0228189347527
0.0143447406417
0.00672421484795
0.0239067271481
0.0495333758742
0.025294370035
0.0327562515892
0.022271770871
0.0127916654921
0.0524645644659
0.0100993956436
0.0121511226721
0.00799681054168
0.00893946282759
0.0127248617735
0.0126098810469
0.0143099515365
0.0114058175868
0.0246495276255
0.0112297187284
0.02242521423
0.0169179270715
0.0152788779158
0.0124772776426
0.0784229041405
0.0271137441211
0.0128623029769
0.295215556743
0.0138908215291
0.024736896183
0.161430463268
0.0260310405427
0.0138765753357
0.0197008152453
0.0465812920859
0.00180134916126
0.0335454549713
0.0169165402949
0.0308846027424
0.109958448822
0.0228189347527
0.00808221649068
0.00782779827835
0.0344488892622
0.0231813001828
0.0134770062811
0.0178364345025
0.00975305112755
0.00773281930974
0.0236962543868
0.00667023222701
0.00858288945915
0.00579029493828
0.00573507191283
0.0101715504506
0.0046876464867
0.00837669618821
0.0146472173532
0.0172068801163
0.00791762808495
0.0127482605408
0.0177246874914
0.011158520724
0.005460862878
0.0209871649823
0.0176213759754
0.00539979905627
0.143048437532
0.00888871579646
0.0130829682715
0.1358626801
0.0119049141925
0.0057098044384
0.00921199485039
0.00571600142866
0.00153925199833
0.0144049589397
0.00844163902537
0.0163110960686
0.0234816457173
0.00856950848057
0.00808221649068
0.00782779827835
0.0344488892622
0.0231813001828
0.0134770062811
0.0178364345025
0.0288971307443
0.00975305112755
0.00773281930974
0.0146472173532
0.00667023222701
0.00858288945915
0.00579029493828
0.0236962543868
0.0101715504506
0.0046876464867
0.00837669618821
0.00620735802593
0.0172068801163
0.00791762808495
0.0127482605408
0.0177246874914
0.011158520724
0.005460862878
0.0209871649823
0.0176213759754
0.00539979905627
0.143048437532
0.00888871579646
0.0130829682715
0.1358626801
0.0119049141925
0.0057098044384
0.00921199485039
0.00571600142866
0.00573507191283
0.00153925199833
0.0144049589397
0.00844163902537
0.0163110960686
0.0234816457173
0.00856950848057
0.0165834372357
0.00878545309465
0.0310762310529
0.0556088789786
0.0279654597022
0.0404014442956
0.0579401580899
0.0213126267279
0.0119160067739
0.0177293204182
0.015275362427
0.0146425099491
0.013733584216
0.049315909713
0.01745674696
0.0139195449228
0.0145611838231
0.00896588027666
0.0265765189057
0.0136318353539
0.0288775499772
0.0190916605986
0.0191850187443
0.00823036261217
0.0280547290742
0.0341294378946
0.0100654990698
0.330330442152
0.0185250942921
0.0281683320219
0.273572310249
0.022763554657
0.0203300682775
0.0180141058753
0.00736154494095
0.00949257646119
0.00253900777218
0.0320955683755
0.0193395533947
0.0289883905362
0.0481377482923
0.0150643049412
0.0165834372357
0.00878545309465
0.0310762310529
0.0556088789786
0.0279654597022
0.0404014442956
0.0579401580899
0.0213126267279
0.0119160067739
0.0177293204182
0.015275362427
0.0146425099491
0.013733584216
0.049315909713
0.01745674696
0.0139195449228
0.0145611838231
0.00896588027666
0.0265765189057
0.0136318353539
0.0288775499772
0.0190916605986
0.0191850187443
0.00823036261217
0.0280547290742
0.0341294378946
0.0100654990698
0.330330442152
0.0185250942921
0.0281683320219
0.273572310249
0.022763554657
0.0203300682775
0.0180141058753
0.00736154494095
0.00949257646119
0.00253900777218
0.0320955683755
0.0193395533947
0.0289883905362
0.0481377482923
0.0150643049412
0.0143447406417
0.00672421484795
0.0239067271481
0.0495333758742
0.025294370035
0.0327562515892
0.022271770871
0.0127916654921
0.0524645644659
0.0100993956436
0.0121511226721
0.00799681054168
0.00893946282759
0.0127248617735
0.0126098810469
0.0143099515365
0.0114058175868
0.0246495276255
0.0112297187284
0.02242521423
0.0169179270715
0.0152788779158
0.0124772776426
0.0784229041405
0.0271137441211
0.0128623029769
0.295215556743
0.0138908215291
0.024736896183
0.161430463268
0.0260310405427
0.0138765753357
0.0197008152453
0.0465812920859
0.00180134916126
0.0335454549713
0.0169165402949
0.0308846027424
0.109958448822
0.0228189347527
0.0143447406417
0.00672421484795
0.0239067271481
0.0495333758742
0.025294370035
0.0327562515892
0.022271770871
0.0127916654921
0.0524645644659
0.0100993956436
0.0121511226721
0.00799681054168
0.00893946282759
0.0127248617735
0.0126098810469
0.0143099515365
0.0114058175868
0.0246495276255
0.0112297187284
0.02242521423
0.0169179270715
0.0152788779158
0.0124772776426
0.0784229041405
0.0271137441211
0.0128623029769
0.295215556743
0.0138908215291
0.024736896183
0.161430463268
0.0260310405427
0.0138765753357
0.0197008152453
0.0465812920859
0.00180134916126
0.0335454549713
0.0169165402949
0.0308846027424
0.109958448822
0.0228189347527
0.0143447406417
0.00672421484795
0.0239067271481
0.0495333758742
0.025294370035
0.0327562515892
0.022271770871
0.0127916654921
0.0524645644659
0.0100993956436
0.0121511226721
0.00799681054168
0.00893946282759
0.0127248617735
0.0126098810469
0.0143099515365
0.0114058175868
0.0246495276255
0.0112297187284
0.02242521423
0.0169179270715
0.0152788779158
0.0124772776426
0.0784229041405
0.0271137441211
0.0128623029769
0.295215556743
0.0138908215291
0.024736896183
0.161430463268
0.0260310405427
0.0138765753357
0.0197008152453
0.0465812920859
0.00180134916126
0.0335454549713
0.0169165402949
0.0308846027424
0.109958448822
0.0228189347527
0.0143447406417
0.00672421484795
0.0239067271481
0.0495333758742
0.025294370035
0.0327562515892
0.022271770871
0.0127916654921
0.0524645644659
0.0100993956436
0.0121511226721
0.00799681054168
0.00893946282759
0.0127248617735
0.0126098810469
0.0143099515365
0.0114058175868
0.0246495276255
0.0112297187284
0.02242521423
0.0169179270715
0.0152788779158
0.0124772776426
0.0784229041405
0.0271137441211
0.0128623029769
0.295215556743
0.0138908215291
0.024736896183
0.161430463268
0.0260310405427
0.0138765753357
0.0197008152453
0.0465812920859
0.00180134916126
0.0335454549713
0.0169165402949
0.0308846027424
0.109958448822
0.0228189347527
0.0143447406417
0.00672421484795
0.0239067271481
0.0495333758742
0.025294370035
0.0327562515892
0.022271770871
0.0127916654921
0.0524645644659
0.0100993956436
0.0121511226721
0.00799681054168
0.00893946282759
0.0127248617735
0.0126098810469
0.0143099515365
0.0114058175868
0.0246495276255
0.0112297187284
0.02242521423
0.0169179270715
0.0152788779158
0.0124772776426
0.0784229041405
0.0271137441211
0.0128623029769
0.295215556743
0.0138908215291
0.024736896183
0.161430463268
0.0260310405427
0.0138765753357
0.0197008152453
0.0465812920859
0.00180134916126
0.0335454549713
0.0169165402949
0.0308846027424
0.109958448822
0.0228189347527
0.0165834372357
0.00878545309465
0.0310762310529
0.0556088789786
0.0279654597022
0.0404014442956
0.0213126267279
0.0119160067739
0.049315909713
0.015275362427
0.0146425099491
0.013733584216
0.00949257646119
0.01745674696
0.0139195449228
0.0145611838231
0.0177293204182
0.0265765189057
0.0136318353539
0.0288775499772
0.0190916605986
0.0191850187443
0.00823036261217
0.0280547290742
0.0341294378946
0.0100654990698
0.330330442152
0.0185250942921
0.0281683320219
0.273572310249
0.022763554657
0.0203300682775
0.0180141058753
0.00736154494095
0.00253900777218
0.0320955683755
0.0193395533947
0.0289883905362
0.0481377482923
0.0150643049412
0.00808221649068
0.00782779827835
0.0344488892622
0.0231813001828
0.0134770062811
0.0178364345025
0.00975305112755
0.00773281930974
0.0236962543868
0.00667023222701
0.00858288945915
0.00579029493828
0.00573507191283
0.0101715504506
0.0046876464867
0.00837669618821
0.0146472173532
0.0172068801163
0.00791762808495
0.0127482605408
0.0177246874914
0.011158520724
0.005460862878
0.0209871649823
0.0176213759754
0.00539979905627
0.143048437532
0.00888871579646
0.0130829682715
0.1358626801
0.0119049141925
0.0057098044384
0.00921199485039
0.00571600142866
0.00153925199833
0.0144049589397
0.00844163902537
0.0163110960686
0.0234816457173
0.00856950848057
