0.00662058131737
0.00652529698761
0.00599622470185
0.00664533687994
0.00676711816098
0.0101224645162
0.00715165229038
0.00641130744504
0.00812049086482
0.00599622470185
0.0075638251512
0.00812438251396
0.00715165229038
0.00641130744504
0.00812049086482
0.00599622470185
0.0075638251512
0.00812438251396
0.00715165229038
0.00641130744504
0.00812049086482
0.00599622470185
0.0075638251512
0.00812438251396
0.00715165229038
0.00641130744504
0.00812049086482
0.00599622470185
0.0075638251512
0.00812438251396
0.00715165229038
0.00641130744504
0.00812049086482
0.00599622470185
0.0075638251512
0.00812438251396
0.00715165229038
0.00641130744504
0.00812049086482
0.00599622470185
0.0075638251512
0.00812438251396
0.0123924559308
0.0109896044314
0.0136651382339
0.0191985107
0.0130990906768
0.0133909220501
0.0123924559308
0.0109896044314
0.0136651382339
0.0191985107
0.0130990906768
0.0133909220501
0.0123924559308
0.0109896044314
0.0136651382339
0.0191985107
0.0130990906768
0.0133909220501
0.0123924559308
0.0109896044314
0.0136651382339
0.0191985107
0.0130990906768
0.0133909220501
0.00823158251196
0.00494402480677
0.0114392177712
0.0143048727472
0.00733597955504
0.0107984922011
0.00812344843386
0.00439067992801
0.00543612127084
0.0163056831423
0.0116196853125
0.00753729870264
0.0207956931768
0.0101524911051
0.00703079558686
0.018010470982
0.0318990496822
0.0162165234791
0.0180674478497
0.0060461809205
0.00897103327795
0.0
0.00313136340293
0.00935248869975
0.0145000394397
0.00184436814432
0.0047625943349
0.0227546992837
0.00604912181731
0.0115959966372
0.00784953372824
0.21658165835
0.00942289694453
0.00499593490587
0.00812556242042
0.207642666048
0.00972802330351
0.0117116609091
0.0091580748959
0.00777732193451
0.0191630789843
0.00625520380089
0.00187962399202
0.0215100589436
0.0106781003518
0.0
0.0296084316497
0.0155381986913
0.0157615802521
0.00453134979088
0.0119725895462
0.0172827368069
0.00823158251196
0.00494402480677
0.0114392177712
0.0143048727472
0.00733597955504
0.0107984922011
0.00812344843386
0.00439067992801
0.00543612127084
0.0163056831423
0.0116196853125
0.00753729870264
0.0207956931768
0.0101524911051
0.00703079558686
0.018010470982
0.0318990496822
0.0162165234791
0.0180674478497
0.0060461809205
0.00897103327795
0.0
0.00313136340293
0.00935248869975
0.0145000394397
0.00184436814432
0.0047625943349
0.0227546992837
0.00604912181731
0.0115959966372
0.00784953372824
0.21658165835
0.00942289694453
0.00499593490587
0.00812556242042
0.207642666048
0.00972802330351
0.0117116609091
0.0091580748959
0.00777732193451
0.0191630789843
0.00625520380089
0.00187962399202
0.0215100589436
0.0106781003518
0.0
0.0296084316497
0.0155381986913
0.0157615802521
0.00453134979088
0.0119725895462
0.0172827368069
0.00823158251196
0.00494402480677
0.0114392177712
0.0143048727472
0.00733597955504
0.0107984922011
0.00812344843386
0.00439067992801
0.00543612127084
0.0163056831423
0.0116196853125
0.00753729870264
0.0207956931768
0.0101524911051
0.00703079558686
0.018010470982
0.0318990496822
0.0162165234791
0.0180674478497
0.0060461809205
0.00897103327795
0.0
0.00313136340293
0.00935248869975
0.0145000394397
0.00184436814432
0.0047625943349
0.0227546992837
0.00604912181731
0.0115959966372
0.00784953372824
0.21658165835
0.00942289694453
0.00499593490587
0.00812556242042
0.207642666048
0.00972802330351
0.0117116609091
0.0091580748959
0.00777732193451
0.0191630789843
0.00625520380089
0.00187962399202
0.0215100589436
0.0106781003518
0.0
0.0296084316497
0.0155381986913
0.0157615802521
0.00453134979088
0.0119725895462
0.0172827368069
0.00823158251196
0.00494402480677
0.0114392177712
0.0143048727472
0.00733597955504
0.0107984922011
0.00812344843386
0.00439067992801
0.00543612127084
0.0163056831423
0.0116196853125
0.00753729870264
0.0207956931768
0.0101524911051
0.00703079558686
0.018010470982
0.0318990496822
0.0162165234791
0.0180674478497
0.0060461809205
0.00897103327795
0.0
0.00313136340293
0.00935248869975
0.0145000394397
0.00184436814432
0.0047625943349
0.0227546992837
0.00604912181731
0.0115959966372
0.00784953372824
0.21658165835
0.00942289694453
0.00499593490587
0.00812556242042
0.207642666048
0.00972802330351
0.0117116609091
0.0091580748959
0.00777732193451
0.0191630789843
0.00625520380089
0.00187962399202
0.0215100589436
0.0106781003518
0.0
0.0296084316497
0.0155381986913
0.0157615802521
0.00453134979088
0.0119725895462
0.0172827368069
0.00823158251196
0.00494402480677
0.0114392177712
0.0143048727472
0.00733597955504
0.0107984922011
0.00812344843386
0.00439067992801
0.00543612127084
0.0163056831423
0.0116196853125
0.00753729870264
0.0207956931768
0.0101524911051
0.00703079558686
0.018010470982
0.0318990496822
0.0162165234791
0.0180674478497
0.0060461809205
0.00897103327795
0.0
0.00313136340293
0.00935248869975
0.0145000394397
0.00184436814432
0.0047625943349
0.0227546992837
0.00604912181731
0.0115959966372
0.00784953372824
0.21658165835
0.00942289694453
0.00499593490587
0.00812556242042
0.207642666048
0.00972802330351
0.0117116609091
0.0091580748959
0.00777732193451
0.0191630789843
0.00625520380089
0.00187962399202
0.0215100589436
0.0106781003518
0.0
0.0296084316497
0.0155381986913
0.0157615802521
0.00453134979088
0.0119725895462
0.0172827368069
0.00823158251196
0.00494402480677
0.0114392177712
0.0143048727472
0.00733597955504
0.0107984922011
0.00812344843386
0.00439067992801
0.00543612127084
0.0163056831423
0.0116196853125
0.00753729870264
0.0207956931768
0.0101524911051
0.00703079558686
0.018010470982
0.0318990496822
0.0162165234791
0.0180674478497
0.0060461809205
0.00897103327795
0.0
0.00313136340293
0.00935248869975
0.0145000394397
0.00184436814432
0.0047625943349
0.0227546992837
0.00604912181731
0.0115959966372
0.00784953372824
0.21658165835
0.00942289694453
0.00499593490587
0.00812556242042
0.207642666048
0.00972802330351
0.0117116609091
0.0091580748959
0.00777732193451
0.0191630789843
0.00625520380089
0.00187962399202
0.0215100589436
0.0106781003518
0.0
0.0296084316497
0.0155381986913
0.0157615802521
0.00453134979088
0.0119725895462
0.0172827368069
0.00823158251196
0.00494402480677
0.0114392177712
0.0143048727472
0.00733597955504
0.0107984922011
0.00812344843386
0.00439067992801
0.00543612127084
0.0163056831423
0.0116196853125
0.00753729870264
0.0207956931768
0.0101524911051
0.00703079558686
0.018010470982
0.0318990496822
0.0162165234791
0.0180674478497
0.0060461809205
0.00897103327795
0.0
0.00313136340293
0.00935248869975
0.0145000394397
0.00184436814432
0.0047625943349
0.0227546992837
0.00604912181731
0.0115959966372
0.00784953372824
0.21658165835
0.00942289694453
0.00499593490587
0.00812556242042
0.207642666048
0.00972802330351
0.0117116609091
0.0091580748959
0.00777732193451
0.0191630789843
0.00625520380089
0.00187962399202
0.0215100589436
0.0106781003518
0.0
0.0296084316497
0.0155381986913
0.0157615802521
0.00453134979088
0.0119725895462
0.0172827368069
0.00823158251196
0.00494402480677
0.0114392177712
0.0143048727472
0.00733597955504
0.0107984922011
0.00812344843386
0.00439067992801
0.00543612127084
0.0163056831423
0.0116196853125
0.00753729870264
0.0207956931768
0.0101524911051
0.00703079558686
0.018010470982
0.0318990496822
0.0162165234791
0.0180674478497
0.0060461809205
0.00897103327795
0.0
0.00313136340293
0.00935248869975
0.0145000394397
0.00184436814432
0.0047625943349
0.0227546992837
0.00604912181731
0.0115959966372
0.00784953372824
0.21658165835
0.00942289694453
0.00499593490587
0.00812556242042
0.207642666048
0.00972802330351
0.0117116609091
0.0091580748959
0.00777732193451
0.0191630789843
0.00625520380089
0.00187962399202
0.0215100589436
0.0106781003518
0.0
0.0296084316497
0.0155381986913
0.0157615802521
0.00453134979088
0.0119725895462
0.0172827368069
0.00823158251196
0.00494402480677
0.0114392177712
0.0143048727472
0.00733597955504
0.0107984922011
0.00812344843386
0.00439067992801
0.00543612127084
0.0163056831423
0.0116196853125
0.00753729870264
0.0207956931768
0.0101524911051
0.00703079558686
0.018010470982
0.0318990496822
0.0162165234791
0.0180674478497
0.0060461809205
0.00897103327795
0.0
0.00313136340293
0.00935248869975
0.0145000394397
0.00184436814432
0.0047625943349
0.0227546992837
0.00604912181731
0.0115959966372
0.00784953372824
0.21658165835
0.00942289694453
0.00499593490587
0.00812556242042
0.207642666048
0.00972802330351
0.0117116609091
0.0091580748959
0.00777732193451
0.0191630789843
0.00625520380089
0.00187962399202
0.0215100589436
0.0106781003518
0.0
0.0296084316497
0.0155381986913
0.0157615802521
0.00453134979088
0.0119725895462
0.0172827368069
0.00823158251196
0.00494402480677
0.0114392177712
0.0143048727472
0.00733597955504
0.0107984922011
0.00812344843386
0.00439067992801
0.00543612127084
0.0163056831423
0.0116196853125
0.00753729870264
0.0207956931768
0.0101524911051
0.00703079558686
0.018010470982
0.0318990496822
0.0162165234791
0.0180674478497
0.0060461809205
0.00897103327795
0.0
0.00313136340293
0.00935248869975
0.0145000394397
0.00184436814432
0.0047625943349
0.0227546992837
0.00604912181731
0.0115959966372
0.00784953372824
0.21658165835
0.00942289694453
0.00499593490587
0.00812556242042
0.207642666048
0.00972802330351
0.0117116609091
0.0091580748959
0.00777732193451
0.0191630789843
0.00625520380089
0.00187962399202
0.0215100589436
0.0106781003518
0.0
0.0296084316497
0.0155381986913
0.0157615802521
0.00453134979088
0.0119725895462
0.0172827368069
0.00823158251196
0.00494402480677
0.0114392177712
0.0143048727472
0.00733597955504
0.0107984922011
0.00812344843386
0.00439067992801
0.00543612127084
0.0163056831423
0.0116196853125
0.00753729870264
0.0207956931768
0.0101524911051
0.00703079558686
0.018010470982
0.0318990496822
0.0162165234791
0.0180674478497
0.0060461809205
0.00897103327795
0.0
0.00313136340293
0.00935248869975
0.0145000394397
0.00184436814432
0.0047625943349
0.0227546992837
0.00604912181731
0.0115959966372
0.00784953372824
0.21658165835
0.00942289694453
0.00499593490587
0.00812556242042
0.207642666048
0.00972802330351
0.0117116609091
0.0091580748959
0.00777732193451
0.0191630789843
0.00625520380089
0.00187962399202
0.0215100589436
0.0106781003518
0.0
0.0296084316497
0.0155381986913
0.0157615802521
0.00453134979088
0.0119725895462
0.0172827368069
0.00903058104681
0.00476634302424
0.0189039343766
0.0226470642305
0.014137018826
0.0152251753155
0.0138154593289
0.00581750820001
0.0110588712514
0.0284740716345
0.0270715206055
0.0184519714945
0.0410391972668
0.0141453599845
0.0101975559906
0.0293832352636
0.0167298601455
0.0126988845087
0.0374244170036
0.0118887362676
0.013235205154
0.0
0.0021607246828
0.0187653267624
0.0310861942036
0.00331265823314
0.00914198414662
0.0541377755542
0.00751660568093
0.0142676810185
0.0125335302246
0.311805402728
0.0108505836805
0.00864183443552
0.01547997461
0.241805396498
0.0253492001927
0.016367102744
0.0097592342387
0.0144669180742
0.0419310760089
0.00984038216547
0.00206680216592
0.026415738671
0.0157118464562
0.0
0.0375123608012
0.0286161292842
0.029050758941
0.00752166545182
0.0191947212937
0.0225846758981
0.0094215391206
0.00681415025126
0.0247204763143
0.0256503523849
0.0140493293714
0.0164798346447
0.0146737900627
0.00690597565842
0.0114775833382
0.0397029843492
0.0252081513482
0.0175305665962
0.0487333068564
0.0212008290551
0.0119882327711
0.0279261058118
0.0341963098113
0.0299725158178
0.0360620401454
0.0121163739418
0.0222703477575
0.0
0.00478584068702
0.0188067013184
0.0299678789617
0.00336265924611
0.0110856773606
0.0578155090194
0.00995114287864
0.018751818089
0.0122069952161
0.47764022609
0.0106080731849
0.00881987984122
0.0167634797295
0.398758738207
0.0226600950172
0.0190236331808
0.0106593288828
0.0142532944248
0.0401899312353
0.0105076333662
0.00309246617312
0.0411982429043
0.0193670009915
0.0
0.0619307412031
0.0346783972958
0.031963555678
0.00941249995215
0.0206669236144
0.0361066581165
0.00903058104681
0.00476634302424
0.0189039343766
0.0226470642305
0.014137018826
0.0152251753155
0.0138154593289
0.00581750820001
0.0110588712514
0.0284740716345
0.0270715206055
0.0184519714945
0.0410391972668
0.0141453599845
0.0101975559906
0.0293832352636
0.0167298601455
0.0126988845087
0.0374244170036
0.0118887362676
0.013235205154
0.0
0.0021607246828
0.0187653267624
0.0310861942036
0.00331265823314
0.00914198414662
0.0541377755542
0.00751660568093
0.0142676810185
0.0125335302246
0.311805402728
0.0108505836805
0.00864183443552
0.01547997461
0.241805396498
0.0253492001927
0.016367102744
0.0097592342387
0.0144669180742
0.0419310760089
0.00984038216547
0.00206680216592
0.026415738671
0.0157118464562
0.0
0.0375123608012
0.0286161292842
0.029050758941
0.00752166545182
0.0191947212937
0.0225846758981
0.00823158251196
0.00494402480677
0.0114392177712
0.0143048727472
0.00733597955504
0.0107984922011
0.00812344843386
0.00439067992801
0.0035022766837
0.00543612127084
0.0163056831423
0.0116196853125
0.00753729870264
0.0207956931768
0.0101524911051
0.00703079558686
0.018010470982
0.0318990496822
0.0162165234791
0.0180674478497
0.0060461809205
0.00897103327795
0.0
0.00313136340293
0.00935248869975
0.0145000394397
0.00184436814432
0.0047625943349
0.0227546992837
0.00604912181731
0.0115959966372
0.00784953372824
0.21658165835
0.00942289694453
0.00499593490587
0.00812556242042
0.207642666048
0.00972802330351
0.0117116609091
0.0091580748959
0.00777732193451
0.0191630789843
0.00625520380089
0.00187962399202
0.0215100589436
0.0106781003518
0.0
0.0296084316497
0.0155381986913
0.0157615802521
0.00453134979088
0.0119725895462
0.0172827368069
0.0094215391206
0.00681415025126
0.0247204763143
0.0256503523849
0.0140493293714
0.0164798346447
0.0146737900627
0.00690597565842
0.00655265800849
0.0114775833382
0.0397029843492
0.0252081513482
0.0175305665962
0.0487333068564
0.0212008290551
0.0119882327711
0.0279261058118
0.0341963098113
0.0299725158178
0.0360620401454
0.0121163739418
0.0222703477575
0.0
0.00478584068702
0.0188067013184
0.0299678789617
0.00336265924611
0.0110856773606
0.0578155090194
0.00995114287864
0.018751818089
0.0122069952161
0.47764022609
0.0106080731849
0.00881987984122
0.0167634797295
0.398758738207
0.0226600950172
0.0190236331808
0.0106593288828
0.0142532944248
0.0401899312353
0.0105076333662
0.00309246617312
0.0411982429043
0.0193670009915
0.0
0.0619307412031
0.0346783972958
0.031963555678
0.00941249995215
0.0206669236144
0.0361066581165
0.00903058104681
0.00476634302424
0.0189039343766
0.0226470642305
0.014137018826
0.0152251753155
0.0138154593289
0.00581750820001
0.0170425545216
0.0110588712514
0.0284740716345
0.0270715206055
0.0184519714945
0.0410391972668
0.0141453599845
0.0101975559906
0.0293832352636
0.0167298601455
0.0126988845087
0.0374244170036
0.0118887362676
0.013235205154
0.0
0.0021607246828
0.0187653267624
0.0310861942036
0.00331265823314
0.00914198414662
0.0541377755542
0.00751660568093
0.0142676810185
0.0125335302246
0.311805402728
0.0108505836805
0.00864183443552
0.01547997461
0.241805396498
0.0253492001927
0.016367102744
0.0097592342387
0.0144669180742
0.0419310760089
0.00984038216547
0.00206680216592
0.026415738671
0.0157118464562
0.0
0.0375123608012
0.0286161292842
0.029050758941
0.00752166545182
0.0191947212937
0.0225846758981
0.00903058104681
0.00476634302424
0.0189039343766
0.0226470642305
0.014137018826
0.0152251753155
0.0138154593289
0.00581750820001
0.0170425545216
0.0110588712514
0.0284740716345
0.0270715206055
0.0184519714945
0.0410391972668
0.0141453599845
0.0101975559906
0.0293832352636
0.0167298601455
0.0126988845087
0.0374244170036
0.0118887362676
0.013235205154
0.0
0.0021607246828
0.0187653267624
0.0310861942036
0.00331265823314
0.00914198414662
0.0541377755542
0.00751660568093
0.0142676810185
0.0125335302246
0.311805402728
0.0108505836805
0.00864183443552
0.01547997461
0.241805396498
0.0253492001927
0.016367102744
0.0097592342387
0.0144669180742
0.0419310760089
0.00984038216547
0.00206680216592
0.026415738671
0.0157118464562
0.0
0.0375123608012
0.0286161292842
0.029050758941
0.00752166545182
0.0191947212937
0.0225846758981
0.0094215391206
0.00681415025126
0.0247204763143
0.0256503523849
0.0140493293714
0.0164798346447
0.0146737900627
0.00690597565842
0.00655265800849
0.0114775833382
0.0397029843492
0.0252081513482
0.0175305665962
0.0487333068564
0.0212008290551
0.0119882327711
0.0279261058118
0.0341963098113
0.0299725158178
0.0360620401454
0.0121163739418
0.0222703477575
0.0
0.00478584068702
0.0188067013184
0.0299678789617
0.00336265924611
0.0110856773606
0.0578155090194
0.00995114287864
0.018751818089
0.0122069952161
0.47764022609
0.0106080731849
0.00881987984122
0.0167634797295
0.398758738207
0.0226600950172
0.0190236331808
0.0106593288828
0.0142532944248
0.0401899312353
0.0105076333662
0.00309246617312
0.0411982429043
0.0193670009915
0.0
0.0619307412031
0.0346783972958
0.031963555678
0.00941249995215
0.0206669236144
0.0361066581165
0.00823158251196
0.00494402480677
0.0114392177712
0.0143048727472
0.00733597955504
0.0107984922011
0.00812344843386
0.00439067992801
0.0035022766837
0.00543612127084
0.0163056831423
0.0116196853125
0.00753729870264
0.0207956931768
0.0101524911051
0.00703079558686
0.018010470982
0.0318990496822
0.0162165234791
0.0180674478497
0.0060461809205
0.00897103327795
0.0
0.00313136340293
0.00935248869975
0.0145000394397
0.00184436814432
0.0047625943349
0.0227546992837
0.00604912181731
0.0115959966372
0.00784953372824
0.21658165835
0.00942289694453
0.00499593490587
0.00812556242042
0.207642666048
0.00972802330351
0.0117116609091
0.0091580748959
0.00777732193451
0.0191630789843
0.00625520380089
0.00187962399202
0.0215100589436
0.0106781003518
0.0
0.0296084316497
0.0155381986913
0.0157615802521
0.00453134979088
0.0119725895462
0.0172827368069
0.00823158251196
0.00494402480677
0.0114392177712
0.0143048727472
0.00733597955504
0.0107984922011
0.00812344843386
0.00439067992801
0.0035022766837
0.00543612127084
0.0163056831423
0.0116196853125
0.00753729870264
0.0207956931768
0.0101524911051
0.00703079558686
0.018010470982
0.0318990496822
0.0162165234791
0.0180674478497
0.0060461809205
0.00897103327795
0.0
0.00313136340293
0.00935248869975
0.0145000394397
0.00184436814432
0.0047625943349
0.0227546992837
0.00604912181731
0.0115959966372
0.00784953372824
0.21658165835
0.00942289694453
0.00499593490587
0.00812556242042
0.207642666048
0.00972802330351
0.0117116609091
0.0091580748959
0.00777732193451
0.0191630789843
0.00625520380089
0.00187962399202
0.0215100589436
0.0106781003518
0.0
0.0296084316497
0.0155381986913
0.0157615802521
0.00453134979088
0.0119725895462
0.0172827368069
0.00823158251196
0.00494402480677
0.0114392177712
0.0143048727472
0.00733597955504
0.0107984922011
0.00812344843386
0.00439067992801
0.0035022766837
0.00543612127084
0.0163056831423
0.0116196853125
0.00753729870264
0.0207956931768
0.0101524911051
0.00703079558686
0.018010470982
0.0318990496822
0.0162165234791
0.0180674478497
0.0060461809205
0.00897103327795
0.0
0.00313136340293
0.00935248869975
0.0145000394397
0.00184436814432
0.0047625943349
0.0227546992837
0.00604912181731
0.0115959966372
0.00784953372824
0.21658165835
0.00942289694453
0.00499593490587
0.00812556242042
0.207642666048
0.00972802330351
0.0117116609091
0.0091580748959
0.00777732193451
0.0191630789843
0.00625520380089
0.00187962399202
0.0215100589436
0.0106781003518
0.0
0.0296084316497
0.0155381986913
0.0157615802521
0.00453134979088
0.0119725895462
0.0172827368069
0.00823158251196
0.00494402480677
0.0114392177712
0.0143048727472
0.00733597955504
0.0107984922011
0.00812344843386
0.00439067992801
0.0035022766837
0.00543612127084
0.0163056831423
0.0116196853125
0.00753729870264
0.0207956931768
0.0101524911051
0.00703079558686
0.018010470982
0.0318990496822
0.0162165234791
0.0180674478497
0.0060461809205
0.00897103327795
0.0
0.00313136340293
0.00935248869975
0.0145000394397
0.00184436814432
0.0047625943349
0.0227546992837
0.00604912181731
0.0115959966372
0.00784953372824
0.21658165835
0.00942289694453
0.00499593490587
0.00812556242042
0.207642666048
0.00972802330351
0.0117116609091
0.0091580748959
0.00777732193451
0.0191630789843
0.00625520380089
0.00187962399202
0.0215100589436
0.0106781003518
0.0
0.0296084316497
0.0155381986913
0.0157615802521
0.00453134979088
0.0119725895462
0.0172827368069
0.0094215391206
0.00681415025126
0.0247204763143
0.0256503523849
0.0140493293714
0.0164798346447
0.0146737900627
0.00690597565842
0.00655265800849
0.0114775833382
0.0397029843492
0.0252081513482
0.0175305665962
0.0487333068564
0.0212008290551
0.0119882327711
0.0279261058118
0.0341963098113
0.0299725158178
0.0360620401454
0.0121163739418
0.0222703477575
0.0
0.00478584068702
0.0188067013184
0.0299678789617
0.00336265924611
0.0110856773606
0.0578155090194
0.00995114287864
0.018751818089
0.0122069952161
0.47764022609
0.0106080731849
0.00881987984122
0.0167634797295
0.398758738207
0.0226600950172
0.0190236331808
0.0106593288828
0.0142532944248
0.0401899312353
0.0105076333662
0.00309246617312
0.0411982429043
0.0193670009915
0.0
0.0619307412031
0.0346783972958
0.031963555678
0.00941249995215
0.0206669236144
0.0361066581165
0.00903058104681
0.00476634302424
0.0189039343766
0.0226470642305
0.014137018826
0.0152251753155
0.0138154593289
0.00581750820001
0.0170425545216
0.0110588712514
0.0284740716345
0.0270715206055
0.0184519714945
0.0410391972668
0.0141453599845
0.0101975559906
0.0293832352636
0.0167298601455
0.0126988845087
0.0374244170036
0.0118887362676
0.013235205154
0.0
0.0021607246828
0.0187653267624
0.0310861942036
0.00331265823314
0.00914198414662
0.0541377755542
0.00751660568093
0.0142676810185
0.0125335302246
0.311805402728
0.0108505836805
0.00864183443552
0.01547997461
0.241805396498
0.0253492001927
0.016367102744
0.0097592342387
0.0144669180742
0.0419310760089
0.00984038216547
0.00206680216592
0.026415738671
0.0157118464562
0.0
0.0375123608012
0.0286161292842
0.029050758941
0.00752166545182
0.0191947212937
0.0225846758981
0.016367102744
0.00903058104681
0.00476634302424
0.0410391972668
0.0187653267624
0.0286161292842
0.0144669180742
0.0125335302246
0.0419310760089
0.0189039343766
0.00984038216547
0.0141453599845
0.00864183443552
0.0226470642305
0.026415738671
0.0157118464562
0.0142676810185
0.0152251753155
0.00751660568093
0.0375123608012
0.0108505836805
0.0138154593289
0.0101975559906
0.0167298601455
0.01547997461
0.0170425545216
0.311805402728
0.0126988845087
0.0110588712514
0.241805396498
0.0118887362676
0.013235205154
0.00752166545182
0.00914198414662
0.00206680216592
0.0253492001927
0.0184519714945
0.0191947212937
0.0225846758981
0.0021607246828
0.016367102744
0.00903058104681
0.00476634302424
0.0410391972668
0.0187653267624
0.0286161292842
0.0144669180742
0.0125335302246
0.0419310760089
0.0189039343766
0.00984038216547
0.0141453599845
0.00864183443552
0.0226470642305
0.026415738671
0.0157118464562
0.0142676810185
0.0152251753155
0.00751660568093
0.0375123608012
0.0108505836805
0.0138154593289
0.0101975559906
0.0167298601455
0.01547997461
0.0170425545216
0.311805402728
0.0126988845087
0.0110588712514
0.241805396498
0.0118887362676
0.013235205154
0.00752166545182
0.00914198414662
0.00206680216592
0.0253492001927
0.0184519714945
0.0191947212937
0.0225846758981
0.0021607246828
0.016367102744
0.00903058104681
0.00476634302424
0.0410391972668
0.0187653267624
0.0286161292842
0.0144669180742
0.0125335302246
0.0419310760089
0.0189039343766
0.00984038216547
0.0141453599845
0.00864183443552
0.0226470642305
0.026415738671
0.0157118464562
0.0142676810185
0.0152251753155
0.00751660568093
0.0375123608012
0.0108505836805
0.0138154593289
0.0101975559906
0.0167298601455
0.01547997461
0.0170425545216
0.311805402728
0.0126988845087
0.0110588712514
0.241805396498
0.0118887362676
0.013235205154
0.00752166545182
0.00914198414662
0.00206680216592
0.0253492001927
0.0184519714945
0.0191947212937
0.0225846758981
0.0021607246828
0.016367102744
0.00903058104681
0.00476634302424
0.0410391972668
0.0187653267624
0.0286161292842
0.0144669180742
0.0125335302246
0.0419310760089
0.0189039343766
0.00984038216547
0.0141453599845
0.00864183443552
0.0226470642305
0.026415738671
0.0157118464562
0.0142676810185
0.0152251753155
0.00751660568093
0.0375123608012
0.0108505836805
0.0138154593289
0.0101975559906
0.0167298601455
0.01547997461
0.0170425545216
0.311805402728
0.0126988845087
0.0110588712514
0.241805396498
0.0118887362676
0.013235205154
0.00752166545182
0.00914198414662
0.00206680216592
0.0253492001927
0.0184519714945
0.0191947212937
0.0225846758981
0.0021607246828
0.016367102744
0.00903058104681
0.00476634302424
0.0410391972668
0.0187653267624
0.0286161292842
0.0144669180742
0.0125335302246
0.0419310760089
0.0189039343766
0.00984038216547
0.0141453599845
0.00864183443552
0.0226470642305
0.026415738671
0.0157118464562
0.0142676810185
0.0152251753155
0.00751660568093
0.0375123608012
0.0108505836805
0.0138154593289
0.0101975559906
0.0167298601455
0.01547997461
0.0170425545216
0.311805402728
0.0126988845087
0.0110588712514
0.241805396498
0.0118887362676
0.013235205154
0.00752166545182
0.00914198414662
0.00206680216592
0.0253492001927
0.0184519714945
0.0191947212937
0.0225846758981
0.0021607246828
0.0117116609091
0.00823158251196
0.00494402480677
0.0207956931768
0.00935248869975
0.0155381986913
0.00777732193451
0.00784953372824
0.0191630789843
0.0114392177712
0.00625520380089
0.0101524911051
0.00499593490587
0.0143048727472
0.0215100589436
0.0106781003518
0.0115959966372
0.0107984922011
0.00604912181731
0.0296084316497
0.00942289694453
0.00812344843386
0.00703079558686
0.0318990496822
0.00812556242042
0.0035022766837
0.21658165835
0.0162165234791
0.00543612127084
0.207642666048
0.0060461809205
0.00897103327795
0.00453134979088
0.0047625943349
0.00187962399202
0.00972802330351
0.00753729870264
0.0119725895462
0.0172827368069
0.00313136340293
0.0117116609091
0.00823158251196
0.00494402480677
0.0207956931768
0.00935248869975
0.0155381986913
0.0119157758422
0.00777732193451
0.00784953372824
0.0115959966372
0.0114392177712
0.00625520380089
0.0101524911051
0.0191630789843
0.0143048727472
0.0215100589436
0.0106781003518
0.00445554831811
0.0107984922011
0.00604912181731
0.0296084316497
0.00942289694453
0.00812344843386
0.00703079558686
0.0318990496822
0.00812556242042
0.0035022766837
0.21658165835
0.0162165234791
0.00543612127084
0.207642666048
0.0060461809205
0.00897103327795
0.00453134979088
0.0047625943349
0.00499593490587
0.00187962399202
0.00972802330351
0.00753729870264
0.0119725895462
0.0172827368069
0.00313136340293
0.0190236331808
0.0094215391206
0.00681415025126
0.0487333068564
0.0188067013184
0.0346783972958
0.0261194872671
0.0142532944248
0.0122069952161
0.018751818089
0.0247204763143
0.0105076333662
0.0212008290551
0.0401899312353
0.0256503523849
0.0411982429043
0.0193670009915
0.00644051431838
0.0164798346447
0.00995114287864
0.0619307412031
0.0106080731849
0.0146737900627
0.0119882327711
0.0341963098113
0.0167634797295
0.00655265800849
0.47764022609
0.0299725158178
0.0114775833382
0.398758738207
0.0121163739418
0.0222703477575
0.00941249995215
0.0110856773606
0.00881987984122
0.00309246617312
0.0226600950172
0.0175305665962
0.0206669236144
0.0361066581165
0.00478584068702
0.0190236331808
0.0094215391206
0.00681415025126
0.0487333068564
0.0188067013184
0.0346783972958
0.0261194872671
0.0142532944248
0.0122069952161
0.018751818089
0.0247204763143
0.0105076333662
0.0212008290551
0.0401899312353
0.0256503523849
0.0411982429043
0.0193670009915
0.00644051431838
0.0164798346447
0.00995114287864
0.0619307412031
0.0106080731849
0.0146737900627
0.0119882327711
0.0341963098113
0.0167634797295
0.00655265800849
0.47764022609
0.0299725158178
0.0114775833382
0.398758738207
0.0121163739418
0.0222703477575
0.00941249995215
0.0110856773606
0.00881987984122
0.00309246617312
0.0226600950172
0.0175305665962
0.0206669236144
0.0361066581165
0.00478584068702
0.016367102744
0.00903058104681
0.00476634302424
0.0410391972668
0.0187653267624
0.0286161292842
0.0144669180742
0.0125335302246
0.0419310760089
0.0189039343766
0.00984038216547
0.0141453599845
0.00864183443552
0.0226470642305
0.026415738671
0.0157118464562
0.0142676810185
0.0152251753155
0.00751660568093
0.0375123608012
0.0108505836805
0.0138154593289
0.0101975559906
0.0167298601455
0.01547997461
0.0170425545216
0.311805402728
0.0126988845087
0.0110588712514
0.241805396498
0.0118887362676
0.013235205154
0.00752166545182
0.00914198414662
0.00206680216592
0.0253492001927
0.0184519714945
0.0191947212937
0.0225846758981
0.0021607246828
0.016367102744
0.00903058104681
0.00476634302424
0.0410391972668
0.0187653267624
0.0286161292842
0.0144669180742
0.0125335302246
0.0419310760089
0.0189039343766
0.00984038216547
0.0141453599845
0.00864183443552
0.0226470642305
0.026415738671
0.0157118464562
0.0142676810185
0.0152251753155
0.00751660568093
0.0375123608012
0.0108505836805
0.0138154593289
0.0101975559906
0.0167298601455
0.01547997461
0.0170425545216
0.311805402728
0.0126988845087
0.0110588712514
0.241805396498
0.0118887362676
0.013235205154
0.00752166545182
0.00914198414662
0.00206680216592
0.0253492001927
0.0184519714945
0.0191947212937
0.0225846758981
0.0021607246828
0.016367102744
0.00903058104681
0.00476634302424
0.0410391972668
0.0187653267624
0.0286161292842
0.0144669180742
0.0125335302246
0.0419310760089
0.0189039343766
0.00984038216547
0.0141453599845
0.00864183443552
0.0226470642305
0.026415738671
0.0157118464562
0.0142676810185
0.0152251753155
0.00751660568093
0.0375123608012
0.0108505836805
0.0138154593289
0.0101975559906
0.0167298601455
0.01547997461
0.0170425545216
0.311805402728
0.0126988845087
0.0110588712514
0.241805396498
0.0118887362676
0.013235205154
0.00752166545182
0.00914198414662
0.00206680216592
0.0253492001927
0.0184519714945
0.0191947212937
0.0225846758981
0.0021607246828
0.016367102744
0.00903058104681
0.00476634302424
0.0410391972668
0.0187653267624
0.0286161292842
0.0144669180742
0.0125335302246
0.0419310760089
0.0189039343766
0.00984038216547
0.0141453599845
0.00864183443552
0.0226470642305
0.026415738671
0.0157118464562
0.0142676810185
0.0152251753155
0.00751660568093
0.0375123608012
0.0108505836805
0.0138154593289
0.0101975559906
0.0167298601455
0.01547997461
0.0170425545216
0.311805402728
0.0126988845087
0.0110588712514
0.241805396498
0.0118887362676
0.013235205154
0.00752166545182
0.00914198414662
0.00206680216592
0.0253492001927
0.0184519714945
0.0191947212937
0.0225846758981
0.0021607246828
0.016367102744
0.00903058104681
0.00476634302424
0.0410391972668
0.0187653267624
0.0286161292842
0.0144669180742
0.0125335302246
0.0419310760089
0.0189039343766
0.00984038216547
0.0141453599845
0.00864183443552
0.0226470642305
0.026415738671
0.0157118464562
0.0142676810185
0.0152251753155
0.00751660568093
0.0375123608012
0.0108505836805
0.0138154593289
0.0101975559906
0.0167298601455
0.01547997461
0.0170425545216
0.311805402728
0.0126988845087
0.0110588712514
0.241805396498
0.0118887362676
0.013235205154
0.00752166545182
0.00914198414662
0.00206680216592
0.0253492001927
0.0184519714945
0.0191947212937
0.0225846758981
0.0021607246828
0.0190236331808
0.0094215391206
0.00681415025126
0.0487333068564
0.0188067013184
0.0346783972958
0.0142532944248
0.0122069952161
0.0401899312353
0.0247204763143
0.0105076333662
0.0212008290551
0.00881987984122
0.0256503523849
0.0411982429043
0.0193670009915
0.018751818089
0.0164798346447
0.00995114287864
0.0619307412031
0.0106080731849
0.0146737900627
0.0119882327711
0.0341963098113
0.0167634797295
0.00655265800849
0.47764022609
0.0299725158178
0.0114775833382
0.398758738207
0.0121163739418
0.0222703477575
0.00941249995215
0.0110856773606
0.00309246617312
0.0226600950172
0.0175305665962
0.0206669236144
0.0361066581165
0.00478584068702
0.0117116609091
0.00823158251196
0.00494402480677
0.0207956931768
0.00935248869975
0.0155381986913
0.00777732193451
0.00784953372824
0.0191630789843
0.0114392177712
0.00625520380089
0.0101524911051
0.00499593490587
0.0143048727472
0.0215100589436
0.0106781003518
0.0115959966372
0.0107984922011
0.00604912181731
0.0296084316497
0.00942289694453
0.00812344843386
0.00703079558686
0.0318990496822
0.00812556242042
0.0035022766837
0.21658165835
0.0162165234791
0.00543612127084
0.207642666048
0.0060461809205
0.00897103327795
0.00453134979088
0.0047625943349
0.00187962399202
0.00972802330351
0.00753729870264
0.0119725895462
0.0172827368069
0.00313136340293
