[-1.2,-0.912,-0.912,-0.816,-0.72,-0.72,-0.528,-0.432,-0.336,-0.24,-0.24,-0.144,-0.144,-0.048,0.144,0.912,0.912,1.008,1.296,-1.584,-0.816,-0.72,-0.144,-0.048,-0.048,0.048,1.104,1.488]
[-1.19,2.03,3.01,-1.75,-2.17,-0.77,2.73,2.73,0.21,0.07,0.21,-2.59,0.77,0.91,1.75,1.75,2.87,0.63,-0.49,0.63,1.47,-2.31,0.07,-2.59,0.77,0.91,-3.15,2.73]

[-0.912,-0.912,-0.816,-0.72,-0.528,-0.336,-0.24,-0.24,-0.144,-0.144,-0.048,0.144,0.912,0.912,1.008,-1.2,-0.72,-0.72,-0.432,0.336,0.624,1.104,1.296]
[2.03,3.01,-1.75,-0.77,2.73,0.21,0.07,0.21,-2.59,0.77,0.91,1.75,1.75,2.87,0.63,-1.19,-2.31,-2.17,2.73,-0.77,-0.77,-3.15,-0.49]

[-1.584,-1.2,-0.912,-0.912,-0.816,-0.816,-0.72,-0.72,-0.528,-0.432,-0.336,-0.24,-0.24,-0.144,-0.144,-0.144,-0.048,-0.048,0.144,0.912,0.912,1.008,1.296,-0.72,1.104,1.488,1.776]
[0.63,-1.19,2.03,3.01,-1.75,-0.77,-2.17,-0.77,2.73,2.73,0.21,0.07,0.21,-2.59,0.07,0.77,0.77,0.91,1.75,1.75,2.87,0.63,-0.49,-2.31,-3.15,-0.21,0.77]

[-1.2,-0.912,-0.912,-0.816,-0.72,-0.528,-0.336,-0.24,-0.24,-0.144,-0.144,-0.048,0.144,0.912,0.912,1.008,1.296,-1.584,-0.816,-0.72,-0.72,-0.432,-0.144,-0.048,1.104,1.488,1.776]
[-1.19,2.03,3.01,-1.75,-0.77,2.73,0.21,0.07,0.21,-2.59,0.77,0.91,1.75,1.75,2.87,0.63,-0.49,0.63,-0.77,-2.31,-2.17,2.73,0.07,0.77,-3.15,-0.21,0.77]

