[-0.528,-0.432,-0.432,-0.336,-0.336,-0.24,-0.144,-0.144,-0.144,-0.048,-0.048,0.144,0.24,0.528,1.008,1.488,1.488,1.584,1.584,-0.24,0.144]
[0.49,-1.05,0.49,0.21,0.49,0.49,-2.59,0.35,0.49,0.91,2.03,0.35,2.45,2.45,2.45,-0.77,-0.63,-0.77,-0.63,0.21,1.75]

[-1.872,-0.72,-0.528,-0.432,-0.144,-0.048,0.048,0.144,0.144,0.144,1.008,1.488,1.488,1.584,1.584,-1.008,-0.912,-0.912,-0.912,-0.816,-0.816,-0.816,-0.816,-0.72,-0.72,-0.72,-0.72,-0.72,-0.72,-0.72,-0.624,-0.624,-0.624,-0.624,-0.624,-0.624,-0.528,-0.528,-0.528,-0.528,-0.528,-0.528,-0.528,-0.528,-0.528,-0.432,-0.432,-0.432,-0.432,-0.432,-0.432,-0.432,-0.336,-0.336,-0.336,-0.336,-0.336,-0.336,-0.24,-0.24,-0.24,-0.24,-0.24,-0.24,-0.24,-0.24,-0.144,-0.144,-0.144,-0.144,-0.144,-0.144,-0.048,-0.048,-0.048,-0.048,-0.048,-0.048,-0.048,-0.048,-0.048,-0.048,-0.048,0.048,0.048,0.048,0.048,0.048,0.048,0.048,0.048,0.048,0.048,0.048,0.144,0.144,0.144,0.144,0.144,0.144,0.144,0.144,0.144,0.144,0.144,0.24,0.24,0.24,0.24,0.24,0.24,0.24,0.24,0.24,0.24,0.24,0.24,0.24,0.24,0.336,0.336,0.336,0.336,0.336,0.336,0.336,0.336,0.336,0.336,0.336,0.336,0.336,0.432,0.432,0.432,0.432,0.432,0.432,0.432,0.432,0.432,0.432,0.432,0.528,0.528,0.528,0.528,0.528,0.528,0.528,0.624,0.624,0.624,0.624,0.624,0.624,0.72,0.72,0.72,0.816,0.816,0.816,0.912,0.912,1.008]
[-0.21,-2.59,0.49,0.49,-2.59,0.91,-2.45,-2.59,-0.35,1.75,-0.35,-0.77,-0.63,-0.77,-0.63,0.07,0.63,2.03,3.01,-2.59,-2.45,-1.75,0.63,-2.45,-2.17,-0.77,-0.07,0.07,0.49,0.63,-2.59,-2.45,0.07,0.49,0.63,0.91,-2.73,-2.59,-2.45,-1.05,-0.35,-0.07,0.07,0.63,2.73,-2.59,-2.45,-0.07,0.07,0.35,0.63,2.73,-2.59,-2.45,-0.07,0.07,0.21,0.49,-2.59,-2.45,-0.07,0.07,0.21,0.35,0.49,0.63,-2.45,-0.07,0.07,0.49,0.63,0.77,-2.59,-2.45,-0.49,-0.35,-0.07,0.07,0.21,0.35,0.49,0.63,2.87,-2.59,-0.49,-0.35,-0.07,0.07,0.35,0.49,0.63,1.75,2.87,3.01,-2.45,-0.49,-0.21,-0.07,0.07,0.35,0.49,0.63,1.61,2.87,3.01,-2.59,-2.45,-2.31,-0.49,-0.35,-0.21,-0.07,0.35,0.49,0.63,1.61,2.45,2.59,2.87,-2.45,-2.31,-2.17,-0.77,-0.49,-0.35,0.63,1.05,1.47,1.61,2.45,2.59,2.87,-2.45,-2.31,-0.35,0.07,1.05,1.19,1.61,2.31,2.45,2.59,2.87,-2.45,-2.31,-0.35,1.05,1.61,2.45,2.59,-2.45,-2.31,-0.35,1.05,2.45,2.59,-2.45,-0.35,1.05,-0.35,1.05,2.45,-0.35,2.87,0.63]

[1.488,1.488,N]
[-0.77,-0.63,NA]

[1.488,1.488,1.584,N]
[-0.77,-0.63,-0.77,NA]

